165	2.24286
165.91837	2.26333
166.83673	2.28405
167.7551	2.30987
168.67347	2.3354
169.59184	2.35598
170.5102	2.37659
171.42857	2.39751
172.34694	2.41812
173.26531	2.43615
174.18367	2.45404
175.10204	2.46985
176.02041	2.48565
176.93878	2.50156
177.85714	2.51746
178.77551	2.53837
179.69388	2.55953
180.61224	2.58585
181.53061	2.613
182.44898	2.63809
183.36735	2.66255
184.28571	2.68735
185.20408	2.71234
186.12245	2.73531
187.04082	2.75668
187.95918	2.77723
188.87755	2.79625
189.79592	2.81419
190.71429	2.82532
191.63265	2.83646
192.55102	2.84745
193.46939	2.85843
194.38776	2.87123
195.30612	2.88507
196.22449	2.89883
197.14286	2.91249
198.06122	2.92625
198.97959	2.94303
199.89796	2.95981
200.81633	2.98058
201.73469	3.00286
202.65306	3.0273
203.57143	3.05555
204.4898	3.08374
205.40816	3.10662
206.32653	3.12949
207.2449	3.15027
208.16327	3.16996
209.08163	3.18958
210	3.209
210.91837	3.22841
211.83673	3.24164
212.7551	3.2529
213.67347	3.26354
214.59184	3.27228
215.5102	3.28101
216.42857	3.29167
217.34694	3.30293
218.26531	3.31419
219.18367	3.32546
220.10204	3.33673
221.02041	3.34809
221.93878	3.3595
222.85714	3.37099
223.77551	3.38494
224.69388	3.39889
225.61224	3.41296
226.53061	3.42724
227.44898	3.44153
228.36735	3.45357
229.28571	3.46486
230.20408	3.47614
231.12245	3.48728
232.04082	3.49843
232.95918	3.50958
233.87755	3.52076
234.79592	3.53193
235.71429	3.54307
236.63265	3.55419
237.55102	3.56531
238.46939	3.57666
239.38776	3.58808
240.30612	3.5996
241.22449	3.61642
242.14286	3.63325
243.06122	3.65167
243.97959	3.67706
244.89796	3.70244
245.81633	3.73
246.73469	3.76189
247.65306	3.79379
248.57143	3.82591
249.4898	3.85827
250.40816	3.89064
251.32653	3.92323
252.2449	3.95595
253.16327	3.98868
254.08163	4.0185
255	4.04742
255.91837	4.07635
256.83673	4.11565
257.7551	4.15788
258.67347	4.2001
259.59184	4.25118
260.5102	4.30499
261.42857	4.3588
262.34694	4.41539
263.26531	4.47309
264.18367	4.53079
265.10204	4.58846
266.02041	4.64613
266.93878	4.7038
267.85714	4.76135
268.77551	4.81889
269.69388	4.87644
270.61224	4.92526
271.53061	4.97187
272.44898	5.01848
273.36735	5.05353
274.28571	5.08141
275.20408	5.1093
276.12245	5.14537
277.04082	5.19195
277.95918	5.23852
278.87755	5.2851
279.79592	5.31662
280.71429	5.33761
281.63265	5.3586
282.55102	5.3796
283.46939	5.40059
284.38776	5.42158
285.30612	5.32638
286.22449	5.22298
287.14286	5.11958
288.06122	4.84338
288.97959	4.77555
289.89796	4.743
290.81633	4.71044
291.73469	4.67789
292.65306	4.64533
293.57143	4.61278
294.4898	4.58022
295.40816	4.56371
296.32653	4.55033
297.2449	4.53695
298.16327	4.51586
299.08163	4.4659
300	4.41593
300.91837	4.36596
301.83673	4.31437
302.7551	4.26162
303.67347	4.20886
304.59184	4.147
305.5102	3.94556
306.42857	3.89192
307.34694	3.83827
308.26531	3.78462
309.18367	3.72497
310.10204	3.66289
311.02041	3.6008
311.93878	3.53872
312.85714	3.50738
313.77551	3.48029
314.69388	3.45319
315.61224	3.42609
316.53061	3.39978
317.44898	3.37347
318.36735	3.34716
319.28571	3.32139
320.20408	3.30252
321.12245	3.28365
322.04082	3.26478
322.95918	3.24803
323.87755	3.2373
324.79592	3.22657
325.71429	3.21584
326.63265	3.2064
327.55102	3.19945
328.46939	3.1925
329.38776	3.18556
330.30612	3.17712
331.22449	3.16687
332.14286	3.15662
333.06122	3.14638
333.97959	3.13724
334.89796	3.12913
335.81633	3.12101
336.73469	3.1129
337.65306	3.10409
338.57143	3.09449
339.4898	3.08488
340.40816	3.07527
341.32653	3.06402
342.2449	3.04978
343.16327	3.03555
344.08163	3.02131
345	3.00372
345.91837	2.97607
346.83673	2.94842
347.7551	2.92077
348.67347	2.89094
349.59184	2.83927
350.5102	2.78759
351.42857	2.73592
352.34694	2.68424
353.26531	2.63106
354.18367	2.5775
355.10204	2.52395
356.02041	2.47039
356.93878	2.41685
357.85714	2.36346
358.77551	2.31007
359.69388	2.25668
360.61224	2.20328
361.53061	2.14989
362.44898	2.09452
363.36735	2.0378
364.28571	1.98109
365.20408	1.92438
366.12245	1.86766
367.04082	1.81411
367.95918	1.76131
368.87755	1.70851
369.79592	1.65571
370.71429	1.60291
371.63265	1.5578
372.55102	1.51391
373.46939	1.47003
374.38776	1.42614
375.30612	1.38422
376.22449	1.3448
377.14286	1.30538
378.06122	1.26595
378.97959	1.22653
379.89796	1.18711
380.81633	1.10158
381.73469	1.01492
382.65306	0.94739
383.57143	0.88919
384.4898	0.83099
385.40816	0.77264
386.32653	0.71314
387.2449	0.65363
388.16327	0.59095
389.08163	0.525
390	0.47244
390.91837	0.44194
391.83673	0.42217
392.7551	0.40454
393.67347	0.38809
394.59184	0.37346
395.5102	0.36458
396.42857	0.3557
397.34694	0.34683
398.26531	0.33795
399.18367	0.33059
400.10204	0.32336
401.02041	0.31612
401.93878	0.30889
402.85714	0.30152
403.77551	0.29361
404.69388	0.2857
405.61224	0.27779
406.53061	0.26988
407.44898	0.26279
408.36735	0.2559
409.28571	0.24902
410.20408	0.24213
411.12245	0.23719
412.04082	0.23424
412.95918	0.23129
413.87755	0.22834
414.79592	0.22538
415.71429	0.22243
416.63265	0.21948
417.55102	0.21653
418.46939	0.21317
419.38776	0.20948
420.30612	0.20578
421.22449	0.20208
422.14286	0.19838
423.06122	0.19469
423.97959	0.19106
424.89796	0.18747
425.81633	0.18387
426.73469	0.18028
427.65306	0.17668
428.57143	0.17456
429.4898	0.17257
430.40816	0.17058
431.32653	0.16858
432.2449	0.16659
433.16327	0.16459
434.08163	0.16261
435	0.16063
435.91837	0.15865
436.83673	0.15668
437.7551	0.1547
438.67347	0.15272
439.59184	0.15075
440.5102	0.14877
441.42857	0.14679
442.34694	0.14482
443.26531	0.14284
444.18367	0.14143
445.10204	0.14022
446.02041	0.139
446.93878	0.13779
447.85714	0.13657
448.77551	0.13536
449.69388	0.13393
450.61224	0.13238
451.53061	0.13083
452.44898	0.12928
453.36735	0.12773
454.28571	0.12619
455.20408	0.12468
456.12245	0.12318
457.04082	0.12167
457.95918	0.12016
458.87755	0.11865
459.79592	0.11732
460.71429	0.11605
461.63265	0.11478
462.55102	0.11351
463.46939	0.11224
464.38776	0.11098
465.30612	0.11012
466.22449	0.10926
467.14286	0.1084
468.06122	0.10754
468.97959	0.10667
469.89796	0.10581
470.81633	0.10483
471.73469	0.10381
472.65306	0.1028
473.57143	0.10178
474.4898	0.10077
475.40816	0.09975
476.32653	0.09892
477.2449	0.09809
478.16327	0.09725
479.08163	0.09642
480	0.09559
480.91837	0.09478
481.83673	0.09407
482.7551	0.09337
483.67347	0.09266
484.59184	0.09195
485.5102	0.09125
486.42857	0.09055
487.34694	0.08989
488.26531	0.08923
489.18367	0.08858
490.10204	0.08792
491.02041	0.08726
491.93878	0.0866
492.85714	0.08592
493.77551	0.08523
494.69388	0.08455
495.61224	0.08386
496.53061	0.08318
497.44898	0.0825
498.36735	0.08187
499.28571	0.08126
500.20408	0.08065
501.12245	0.08004
502.04082	0.07943
502.95918	0.07882
503.87755	0.07822
504.79592	0.07761
505.71429	0.07701
506.63265	0.0764
507.55102	0.0758
508.46939	0.07519
509.38776	0.07461
510.30612	0.07406
511.22449	0.07352
512.14286	0.07298
513.06122	0.07243
513.97959	0.07189
514.89796	0.07134
515.81633	0.0708
516.73469	0.07025
517.65306	0.06971
518.57143	0.06916
519.4898	0.06861
520.40816	0.06807
521.32653	0.06758
522.2449	0.06713
523.16327	0.06668
524.08163	0.06623
525	0.06579
525.91837	0.06534
526.83673	0.06489
527.7551	0.06434
528.67347	0.06378
529.59184	0.06322
530.5102	0.06266
531.42857	0.0621
532.34694	0.06154
533.26531	0.06099
534.18367	0.06044
535.10204	0.0599
536.02041	0.05935
536.93878	0.0588
537.85714	0.05826
538.77551	0.05771
539.69388	0.0573
540.61224	0.05692
541.53061	0.05654
542.44898	0.05616
543.36735	0.05578
544.28571	0.0554
545.20408	0.05502
546.12245	0.05462
547.04082	0.05423
547.95918	0.05384
548.87755	0.05344
549.79592	0.05305
550.71429	0.05266
551.63265	0.05226
552.55102	0.05181
553.46939	0.05134
554.38776	0.05088
555.30612	0.05041
556.22449	0.04995
557.14286	0.04949
558.06122	0.04904
558.97959	0.04867
559.89796	0.04829
560.81633	0.04792
561.73469	0.04754
562.65306	0.04717
563.57143	0.0468
564.4898	0.04643
565.40816	0.04612
566.32653	0.04581
567.2449	0.0455
568.16327	0.0452
569.08163	0.04489
570	0.04458
570.91837	0.04427
571.83673	0.04391
572.7551	0.04356
573.67347	0.0432
574.59184	0.04284
575.5102	0.04248
576.42857	0.04213
577.34694	0.04177
578.26531	0.04143
579.18367	0.0411
580.10204	0.04077
581.02041	0.04045
581.93878	0.04012
582.85714	0.03979
583.77551	0.03946
584.69388	0.03917
585.61224	0.03891
586.53061	0.03865
587.44898	0.03839
588.36735	0.03813
589.28571	0.03787
590.20408	0.03761
591.12245	0.03736
592.04082	0.03712
592.95918	0.03689
593.87755	0.03666
594.79592	0.03642
595.71429	0.03619
596.63265	0.03596
597.55102	0.03572
598.46939	0.03549
599.38776	0.03527
600.30612	0.03504
601.22449	0.03481
602.14286	0.03458
603.06122	0.03435
603.97959	0.03413
604.89796	0.03391
605.81633	0.03371
606.73469	0.03352
607.65306	0.03332
608.57143	0.03312
609.4898	0.03293
610.40816	0.03273
611.32653	0.03253
612.2449	0.03236
613.16327	0.0322
614.08163	0.03204
615	0.03188
615.91837	0.03172
616.83673	0.03156
617.7551	0.03139
618.67347	0.03123
619.59184	0.03106
620.5102	0.03089
621.42857	0.03072
622.34694	0.03055
623.26531	0.03038
624.18367	0.03021
625.10204	0.03004
626.02041	0.02987
626.93878	0.02972
627.85714	0.02957
628.77551	0.02942
629.69388	0.02927
630.61224	0.02912
631.53061	0.02897
632.44898	0.02882
633.36735	0.02867
634.28571	0.02852
635.20408	0.02837
636.12245	0.02821
637.04082	0.02806
637.95918	0.02791
638.87755	0.02776
639.79592	0.0276
640.71429	0.02746
641.63265	0.02732
642.55102	0.02719
643.46939	0.02705
644.38776	0.02691
645.30612	0.02677
646.22449	0.02663
647.14286	0.02649
648.06122	0.02636
648.97959	0.02623
649.89796	0.02611
650.81633	0.02598
651.73469	0.02585
652.65306	0.02572
653.57143	0.02559
654.4898	0.02546
655.40816	0.02534
656.32653	0.02522
657.2449	0.0251
658.16327	0.02498
659.08163	0.02486
660	0.02474
660.91837	0.02462
661.83673	0.0245
662.7551	0.02438
663.67347	0.02425
664.59184	0.02412
665.5102	0.02399
666.42857	0.02386
667.34694	0.02373
668.26531	0.0236
669.18367	0.02348
670.10204	0.02337
671.02041	0.02329
671.93878	0.0232
672.85714	0.02312
673.77551	0.02303
674.69388	0.02295
675.61224	0.02286
676.53061	0.02278
677.44898	0.0227
678.36735	0.02263
679.28571	0.02256
680.20408	0.02249
681.12245	0.02243
682.04082	0.02236
682.95918	0.02229
683.87755	0.02222
684.79592	0.02215
685.71429	0.02207
686.63265	0.02197
687.55102	0.02188
688.46939	0.02179
689.38776	0.0217
690.30612	0.02161
691.22449	0.02152
692.14286	0.02143
693.06122	0.02134
693.97959	0.02124
694.89796	0.02115
695.81633	0.02105
696.73469	0.02095
697.65306	0.02086
698.57143	0.02076
699.4898	0.02067
700.40816	0.02058
701.32653	0.0205
702.2449	0.02042
703.16327	0.02033
704.08163	0.02025
705	0.02017
705.91837	0.02009
706.83673	0.02001
707.7551	0.01993
708.67347	0.01984
709.59184	0.01975
710.5102	0.01966
711.42857	0.01956
712.34694	0.01947
713.26531	0.01938
714.18367	0.01928
715.10204	0.01919
716.02041	0.01909
716.93878	0.01899
717.85714	0.01889
718.77551	0.01878
719.69388	0.01867
720.61224	0.01856
721.53061	0.01845
722.44898	0.01835
723.36735	0.01824
724.28571	0.01813
725.20408	0.01803
726.12245	0.01794
727.04082	0.01785
727.95918	0.01776
728.87755	0.01767
729.79592	0.01758
730.71429	0.01749
731.63265	0.0174
732.55102	0.01731
733.46939	0.01723
734.38776	0.01716
735.30612	0.01708
736.22449	0.01701
737.14286	0.01694
738.06122	0.01686
738.97959	0.01679
739.89796	0.01671
740.81633	0.01664
741.73469	0.01656
742.65306	0.01649
743.57143	0.01642
744.4898	0.01634
745.40816	0.01627
746.32653	0.0162
747.2449	0.01613
748.16327	0.01605
749.08163	0.01598
750	0.01591
750.91837	0.01584
751.83673	0.01578
752.7551	0.01571
753.67347	0.01564
754.59184	0.01558
755.5102	0.01551
756.42857	0.01544
757.34694	0.01538
758.26531	0.01531
759.18367	0.01524
760.10204	0.01518
761.02041	0.01511
761.93878	0.01504
762.85714	0.01498
763.77551	0.01491
764.69388	0.01484
765.61224	0.01478
766.53061	0.01471
767.44898	0.01464
768.36735	0.01457
769.28571	0.0145
770.20408	0.01444
771.12245	0.01437
772.04082	0.0143
772.95918	0.01423
773.87755	0.01416
774.79592	0.01409
775.71429	0.01403
776.63265	0.01397
777.55102	0.01391
778.46939	0.01385
779.38776	0.01379
780.30612	0.01373
781.22449	0.01367
782.14286	0.01361
783.06122	0.01356
783.97959	0.0135
784.89796	0.01344
785.81633	0.01339
786.73469	0.01334
787.65306	0.01329
788.57143	0.01324
789.4898	0.01319
790.40816	0.01314
791.32653	0.01309
792.2449	0.01304
793.16327	0.01299
794.08163	0.01294
795	0.01289
795.91837	0.01284
796.83673	0.0128
797.7551	0.01275
798.67347	0.0127
799.59184	0.01266
800.5102	0.01261
801.42857	0.01256
802.34694	0.01252
803.26531	0.01247
804.18367	0.01244
805.10204	0.0124
806.02041	0.01236
806.93878	0.01232
807.85714	0.01229
808.77551	0.01225
809.69388	0.01221
810.61224	0.01217
811.53061	0.01214
812.44898	0.01209
813.36735	0.01205
814.28571	0.012
815.20408	0.01196
816.12245	0.01191
817.04082	0.01187
817.95918	0.01182
818.87755	0.01177
819.79592	0.01173
820.71429	0.01168
821.63265	0.01164
822.55102	0.0116
823.46939	0.01156
824.38776	0.01152
825.30612	0.01148
826.22449	0.01143
827.14286	0.01139
828.06122	0.01135
828.97959	0.01131
829.89796	0.01127
830.81633	0.01122
831.73469	0.01118
832.65306	0.0111
833.57143	0.01102
834.4898	0.01094
835.40816	0.01086
836.32653	0.01078
837.2449	0.01069
838.16327	0.01061
839.08163	0.01053
840	0.01045
840.91837	0.01036
841.83673	0.01028
842.7551	0.0102
843.67347	0.01012
844.59184	0.01004
845.5102	0.00995
846.42857	0.00987
847.34694	0.00979
848.26531	0.00971
849.18367	0.00962
850.10204	0.00954
851.02041	0.00946
851.93878	0.00938
852.85714	0.0093
853.77551	0.00922
854.69388	0.00914
855.61224	0.00906
856.53061	0.00898
857.44898	0.0089
858.36735	0.00882
859.28571	0.00873
860.20408	0.00865
861.12245	0.00848
862.04082	0.00829
862.95918	0.00811
863.87755	0.00792
864.79592	0.00773
865.71429	0.00758
866.63265	0.00743
867.55102	0.00727
868.46939	0.00712
869.38776	0.00696
870.30612	0.00681
871.22449	0.00665
872.14286	0.0065
873.06122	0.00635
873.97959	0.00619
874.89796	0.00605
875.81633	0.00596
876.73469	0.00587
877.65306	0.00578
878.57143	0.00569
879.4898	0.0056
880.40816	0.00551
881.32653	0.00542
882.2449	0.00537
883.16327	0.00531
884.08163	0.00525
885	0.00519
885.91837	0.00513
886.83673	0.00508
887.7551	0.00502
888.67347	0.00496
889.59184	0.0049
890.5102	0.00484
891.42857	0.00478
892.34694	0.00472
893.26531	0.00465
894.18367	0.00459
895.10204	0.00453
896.02041	0.00447
896.93878	0.00442
897.85714	0.00437
898.77551	0.00431
899.69388	0.00426
900.61224	0.00421
901.53061	0.00415
902.44898	0.00409
903.36735	0.00403
904.28571	0.00398
905.20408	0.00392
906.12245	0.00386
907.04082	0.00379
907.95918	0.00373
908.87755	0.00366
909.79592	0.0036
910.71429	0.00353
911.63265	0.00348
912.55102	0.00343
913.46939	0.00338
914.38776	0.00333
915.30612	0.00328
916.22449	0.00323
917.14286	0.00318
918.06122	0.00313
918.97959	0.00308
919.89796	0.00303
920.81633	0.00297
921.73469	0.00292
922.65306	0.00287
923.57143	0.00281
924.4898	0.00276
925.40816	0.00271
926.32653	0.00265
927.2449	0.00259
928.16327	0.00251
929.08163	0.00243
930	0.00235
930.91837	0.00227
931.83673	0.00219
932.7551	0.00212
933.67347	0.00206
934.59184	0.00201
935.5102	0.00195
936.42857	0.00189
937.34694	0.00184
938.26531	0.00178
939.18367	0.00172
940.10204	0.00168
941.02041	0.00163
941.93878	0.00158
942.85714	0.00154
943.77551	0.00149
944.69388	0.00144
945.61224	0.00139
946.53061	0.00135
947.44898	0.00131
948.36735	0.00126
949.28571	0.00122
950.20408	0.00117
951.12245	0.00113
952.04082	0.0011
952.95918	0.00107
953.87755	0.00103
954.79592	9.96843E-4
955.71429	9.64222E-4
956.63265	9.34634E-4
957.55102	9.05047E-4
958.46939	8.7546E-4
959.38776	8.4786E-4
960.30612	8.25195E-4
961.22449	8.0253E-4
962.14286	7.79865E-4
963.06122	7.59461E-4
963.97959	7.46827E-4
964.89796	7.34193E-4
965.81633	7.21559E-4
966.73469	7.08925E-4
967.65306	6.96459E-4
968.57143	6.84065E-4
969.4898	6.7167E-4
970.40816	6.59276E-4
971.32653	6.48319E-4
972.2449	6.37468E-4
973.16327	6.26617E-4
974.08163	6.16437E-4
975	6.0648E-4
975.91837	5.97177E-4
976.83673	5.88705E-4
977.7551	5.80577E-4
978.67347	5.75243E-4
979.59184	5.69908E-4
980.5102	5.64208E-4
981.42857	5.57708E-4
982.34694	5.51229E-4
983.26531	5.44917E-4
984.18367	5.38605E-4
985.10204	5.33808E-4
986.02041	5.29045E-4
986.93878	5.21749E-4
987.85714	5.13214E-4
988.77551	5.0633E-4
989.69388	5.02403E-4
990.61224	4.97646E-4
991.53061	4.9087E-4
992.44898	4.85936E-4
993.36735	4.80431E-4
994.28571	4.73025E-4
995.20408	4.64193E-4
996.12245	4.56538E-4
997.04082	4.47025E-4
997.95918	4.37108E-4
998.87755	4.28644E-4
999.79592	4.18145E-4
1000.71429	4.04543E-4
1001.63265	3.95965E-4
1002.55102	3.877E-4
1003.46939	3.79436E-4
1004.38776	3.68571E-4
1005.30612	3.56144E-4
1006.22449	3.43717E-4
1007.14286	3.29334E-4
1008.06122	3.13509E-4
1008.97959	2.97672E-4
1009.89796	2.81743E-4
1010.81633	2.65813E-4
1011.73469	2.43989E-4
1012.65306	2.18843E-4
1013.57143	1.90785E-4
1014.4898	1.71099E-4
1015.40816	1.60953E-4
1016.32653	1.54636E-4
1017.2449	1.48319E-4
1018.16327	1.3963E-4
1019.08163	1.30853E-4
1020	1.23262E-4
1020.91837	1.20601E-4
1021.83673	1.18976E-4
1022.7551	1.17811E-4
1023.67347	1.15504E-4
1024.59184	1.13548E-4
1025.5102	1.13395E-4
1026.42857	1.13241E-4
1027.34694	1.13042E-4
1028.26531	1.12806E-4
1029.18367	1.12569E-4
1030.10204	1.11687E-4
1031.02041	1.10634E-4
1031.93878	1.09773E-4
1032.85714	1.09265E-4
1033.77551	1.08967E-4
1034.69388	1.08837E-4
1035.61224	1.08652E-4
1036.53061	1.07556E-4
1037.44898	1.0646E-4
1038.36735	1.05166E-4
1039.28571	1.01091E-4
1040.20408	9.9594E-5
1041.12245	9.80972E-5
1042.04082	9.66074E-5
1042.95918	9.51375E-5
1043.87755	9.36677E-5
1044.79592	9.21978E-5
1045.71429	9.0637E-5
1046.63265	8.90307E-5
1047.55102	8.74243E-5
1048.46939	8.57621E-5
1049.38776	7.96939E-5
1050.30612	7.86766E-5
1051.22449	7.76592E-5
1052.14286	7.41696E-5
1053.06122	7.33569E-5
1053.97959	7.31149E-5
1054.89796	7.3454E-5
1055.81633	7.37931E-5
1056.73469	7.35071E-5
1057.65306	7.27935E-5
1058.57143	7.2035E-5
1059.4898	7.11718E-5
1060.40816	7.02077E-5
1061.32653	6.87969E-5
1062.2449	6.6808E-5
1063.16327	6.36661E-5
1064.08163	5.84723E-5
1065	5.63689E-5
1065.91837	5.46589E-5
1066.83673	5.29489E-5
1067.7551	5.0833E-5
1068.67347	4.86546E-5
1069.59184	4.62202E-5
1070.5102	4.38137E-5
1071.42857	4.18088E-5
1072.34694	4.06833E-5
1073.26531	3.95577E-5
1074.18367	3.83573E-5
1075.10204	3.69211E-5
1076.02041	3.44088E-5
1076.93878	3.18391E-5
1077.85714	3.108E-5
1078.77551	3.03209E-5
1079.69388	2.94119E-5
1080.61224	2.84211E-5
1081.53061	2.74303E-5
1082.44898	2.64394E-5
1083.36735	2.56119E-5
1084.28571	2.47941E-5
1085.20408	2.30342E-5
1086.12245	2.01965E-5
1087.04082	1.92083E-5
1087.95918	1.863E-5
1088.87755	1.81104E-5
1089.79592	1.75908E-5
1090.71429	1.74649E-5
1091.63265	1.86332E-5
1092.55102	1.7912E-5
1093.46939	1.70624E-5
1094.38776	1.62129E-5
1095.30612	1.56132E-5
1096.22449	1.44301E-5
1097.14286	1.36746E-5
1098.06122	1.15771E-5
1098.97959	9.46339E-6
1099.89796	9.70433E-6
1100.81633	9.12758E-6
1101.73469	8.55083E-6
1102.65306	8.03192E-6
1103.57143	8.671E-6
1104.4898	9.02578E-6
1105.40816	9.33155E-6
1106.32653	7.92286E-6
1107.2449	8.98673E-6
1108.16327	9.38146E-6
1109.08163	9.64022E-6
1110	8.03136E-6
1110.91837	8.62245E-6
1111.83673	8.82577E-6
1112.7551	9.02909E-6
1113.67347	9.23242E-6
1114.59184	6.78497E-6
1115.5102	7.95565E-6
1116.42857	8.17004E-6
1117.34694	8.38442E-6
1118.26531	7.00329E-6
1119.18367	8.39427E-6
1120.10204	9.0231E-6
1121.02041	9.25148E-6
1121.93878	7.88935E-6
1122.85714	8.26656E-6
1123.77551	8.22659E-6
1124.69388	8.1662E-6
1125.61224	8.10581E-6
1126.53061	7.73194E-6
1127.44898	6.42318E-6
1128.36735	5.26111E-6
1129.28571	5.43369E-6
1130.20408	5.12359E-6
1131.12245	4.65412E-6
1132.04082	4.31966E-6
1132.95918	4.36506E-6
1133.87755	4.63337E-6
1134.79592	5.83177E-6
1135.71429	6.21062E-6
1136.63265	5.94556E-6
1137.55102	5.59431E-6
1138.46939	4.35421E-6
1139.38776	4.11976E-6
1140.30612	3.11638E-6
1141.22449	1.84578E-6
1142.14286	2.62756E-6
1143.06122	2.8575E-6
1143.97959	2.87285E-6
1144.89796	2.88819E-6
1145.81633	2.90353E-6
1146.73469	2.95085E-6
1147.65306	2.79573E-6
1148.57143	2.65648E-6
1149.4898	2.72666E-6
1150.40816	2.68136E-6
1151.32653	2.49169E-6
1152.2449	2.30203E-6
1153.16327	2.11237E-6
1154.08163	2.09771E-6
1155	2.24174E-6
1155.91837	2.19306E-6
1156.83673	2.14438E-6
1157.7551	2.0957E-6
1158.67347	2.04702E-6
1159.59184	2.003E-6
1160.5102	2.00098E-6
1161.42857	1.99896E-6
1162.34694	1.90349E-6
1163.26531	1.3288E-6
1164.18367	1.23173E-6
1165.10204	1.13466E-6
1166.02041	1.03759E-6
1166.93878	9.81717E-7
1167.85714	9.7088E-7
1168.77551	9.60044E-7
1169.69388	9.49207E-7
1170.61224	9.38371E-7
1171.53061	9.27534E-7
1172.44898	9.16698E-7
1173.36735	9.05861E-7
1174.28571	8.95025E-7
1175.20408	8.84188E-7
1176.12245	8.73352E-7
1177.04082	8.62515E-7
1177.95918	8.51679E-7
1178.87755	8.40842E-7
1179.79592	8.30006E-7
1180.71429	8.19169E-7
1181.63265	8.08333E-7
1182.55102	7.97497E-7
1183.46939	7.8666E-7
1184.38776	7.75824E-7
1185.30612	7.64987E-7
1186.22449	7.54151E-7
1187.14286	7.43314E-7
1188.06122	7.32478E-7
1188.97959	7.21641E-7
1189.89796	7.10805E-7
1190.81633	6.99968E-7
1191.73469	6.89132E-7
1192.65306	6.78295E-7
1193.57143	6.67459E-7
1194.4898	6.56622E-7
1195.40816	6.54875E-7
1196.32653	6.54367E-7
1197.2449	6.53859E-7
1198.16327	6.53352E-7
1199.08163	6.52844E-7
1200	6.52336E-7
1200.91837	6.51828E-7
1201.83673	6.5132E-7
1202.7551	6.50813E-7
1203.67347	6.50305E-7
1204.59184	6.49797E-7
1205.5102	6.49289E-7
1206.42857	6.48781E-7
1207.34694	6.48274E-7
1208.26531	6.47766E-7
1209.18367	6.47258E-7
1210.10204	6.4675E-7
1211.02041	6.46242E-7
1211.93878	6.45734E-7
1212.85714	6.45227E-7
1213.77551	6.44719E-7
1214.69388	6.44211E-7
1215.61224	6.43703E-7
1216.53061	6.43195E-7
1217.44898	6.42688E-7
1218.36735	6.4218E-7
1219.28571	6.41672E-7
1220.20408	6.41164E-7
1221.12245	6.40656E-7
1222.04082	6.40149E-7
1222.95918	6.39641E-7
1223.87755	6.39133E-7
1224.79592	6.38625E-7
1225.71429	6.38117E-7
1226.63265	6.37609E-7
1227.55102	6.37102E-7
1228.46939	6.36594E-7
1229.38776	6.36086E-7
1230.30612	6.35578E-7
1231.22449	6.3507E-7
1232.14286	6.34563E-7
1233.06122	6.34055E-7
1233.97959	6.33547E-7
1234.89796	6.33039E-7
1235.81633	6.32531E-7
1236.73469	6.32024E-7
1237.65306	6.31516E-7
1238.57143	6.31008E-7
1239.4898	6.305E-7
1240.40816	6.29992E-7
1241.32653	6.29484E-7
1242.2449	6.28977E-7
1243.16327	6.28469E-7
1244.08163	6.27961E-7
1245	6.27453E-7
1245.91837	6.26945E-7
1246.83673	6.26438E-7
1247.7551	6.2593E-7
1248.67347	6.25422E-7
1249.59184	6.24914E-7
1250.5102	6.24406E-7
1251.42857	6.23899E-7
1252.34694	6.23391E-7
1253.26531	6.22883E-7
1254.18367	6.22375E-7
1255.10204	6.21867E-7
1256.02041	6.21359E-7
1256.93878	6.20852E-7
1257.85714	6.20344E-7
1258.77551	6.19836E-7
1259.69388	6.19328E-7
1260.61224	6.1882E-7
1261.53061	6.18313E-7
1262.44898	6.17805E-7
1263.36735	6.17297E-7
1264.28571	6.16789E-7
1265.20408	6.16281E-7
1266.12245	6.15774E-7
1267.04082	6.15266E-7
1267.95918	6.14758E-7
1268.87755	6.1425E-7
1269.79592	6.13742E-7
1270.71429	6.13234E-7
1271.63265	6.12727E-7
1272.55102	6.12219E-7
1273.46939	6.11711E-7
1274.38776	6.11203E-7
1275.30612	6.10695E-7
1276.22449	6.10188E-7
1277.14286	6.0968E-7
1278.06122	6.09172E-7
1278.97959	6.08664E-7
1279.89796	6.08156E-7
1280.81633	6.07649E-7
1281.73469	6.07141E-7
1282.65306	6.06633E-7
1283.57143	6.06125E-7
1284.4898	6.05617E-7
1285.40816	6.05109E-7
1286.32653	6.04602E-7
1287.2449	6.04094E-7
1288.16327	6.03586E-7
1289.08163	6.03078E-7
1290	6.0257E-7
1290.91837	6.02063E-7
1291.83673	6.01555E-7
1292.7551	6.01047E-7
1293.67347	6.00539E-7
1294.59184	6.00031E-7
1295.5102	5.99524E-7
1296.42857	5.99016E-7
1297.34694	5.98508E-7
1298.26531	5.98E-7
1299.18367	5.97492E-7
1300.10204	5.96984E-7
1301.02041	5.96477E-7
1301.93878	5.95969E-7
1302.85714	5.95461E-7
1303.77551	5.94953E-7
1304.69388	5.94445E-7
1305.61224	5.93938E-7
1306.53061	5.9343E-7
1307.44898	5.92922E-7
1308.36735	5.92414E-7
1309.28571	5.91906E-7
1310.20408	5.91399E-7
1311.12245	5.90891E-7
1312.04082	5.90383E-7
1312.95918	5.89875E-7
1313.87755	5.89367E-7
1314.79592	5.88859E-7
1315.71429	5.88352E-7
1316.63265	5.87844E-7
1317.55102	5.87336E-7
1318.46939	5.86828E-7
1319.38776	5.8632E-7
1320.30612	5.85813E-7
1321.22449	5.85305E-7
1322.14286	5.84797E-7
1323.06122	5.84289E-7
1323.97959	5.83781E-7
1324.89796	5.83274E-7
1325.81633	5.82766E-7
1326.73469	5.82258E-7
1327.65306	5.8175E-7
1328.57143	5.81242E-7
1329.4898	5.80734E-7
1330.40816	5.80227E-7
1331.32653	5.79719E-7
1332.2449	5.79211E-7
1333.16327	5.78703E-7
1334.08163	5.78195E-7
1335	5.77688E-7
1335.91837	5.7718E-7
1336.83673	5.76672E-7
1337.7551	5.76164E-7
1338.67347	5.75656E-7
1339.59184	5.75149E-7
1340.5102	5.74641E-7
1341.42857	5.74133E-7
1342.34694	5.73625E-7
1343.26531	5.73117E-7
1344.18367	5.72609E-7
1345.10204	5.72102E-7
1346.02041	5.71594E-7
1346.93878	5.71086E-7
1347.85714	5.70578E-7
1348.77551	5.7007E-7
1349.69388	5.69563E-7
1350.61224	5.69055E-7
1351.53061	5.68547E-7
1352.44898	5.68039E-7
1353.36735	5.67531E-7
1354.28571	5.67024E-7
1355.20408	5.66516E-7
1356.12245	5.66008E-7
1357.04082	5.655E-7
1357.95918	5.64992E-7
1358.87755	5.64484E-7
1359.79592	5.63977E-7
1360.71429	5.63469E-7
1361.63265	5.62961E-7
1362.55102	5.62453E-7
1363.46939	5.61945E-7
1364.38776	5.60999E-7
1365.30612	5.59452E-7
1366.22449	5.57906E-7
1367.14286	5.56359E-7
1368.06122	5.54812E-7
1368.97959	5.53266E-7
1369.89796	5.51719E-7
1370.81633	5.50173E-7
1371.73469	5.48626E-7
1372.65306	5.47079E-7
1373.57143	5.45533E-7
1374.4898	5.43986E-7
1375.40816	5.42439E-7
1376.32653	5.40893E-7
1377.2449	5.39346E-7
1378.16327	5.378E-7
1379.08163	5.36253E-7
1380	5.34706E-7
1380.91837	5.3316E-7
1381.83673	5.31613E-7
1382.7551	5.30066E-7
1383.67347	5.2852E-7
1384.59184	5.26973E-7
1385.5102	5.25427E-7
1386.42857	5.2388E-7
1387.34694	5.22333E-7
1388.26531	5.20787E-7
1389.18367	5.1924E-7
1390.10204	5.17693E-7
1391.02041	5.16147E-7
1391.93878	5.146E-7
1392.85714	5.13054E-7
1393.77551	5.11507E-7
1394.69388	5.0996E-7
1395.61224	5.08414E-7
1396.53061	5.06867E-7
1397.44898	5.0532E-7
1398.36735	5.03774E-7
1399.28571	5.02227E-7
1400.20408	5.00681E-7
1401.12245	4.99134E-7
1402.04082	4.97587E-7
1402.95918	4.96041E-7
1403.87755	4.94494E-7
1404.79592	4.92947E-7
1405.71429	4.91401E-7
1406.63265	4.89854E-7
1407.55102	4.88308E-7
1408.46939	4.86761E-7
1409.38776	4.85214E-7
1410.30612	4.83668E-7
1411.22449	4.82121E-7
1412.14286	4.80574E-7
1413.06122	4.79028E-7
1413.97959	4.77481E-7
1414.89796	4.75935E-7
1415.81633	4.74388E-7
1416.73469	4.72841E-7
1417.65306	4.71295E-7
1418.57143	4.69748E-7
1419.4898	4.68201E-7
1420.40816	4.66655E-7
1421.32653	4.65108E-7
1422.2449	4.63562E-7
1423.16327	4.62015E-7
1424.08163	4.60468E-7
1425	4.58922E-7
1425.91837	4.57375E-7
1426.83673	4.55828E-7
1427.7551	4.54282E-7
1428.67347	4.52735E-7
1429.59184	4.51189E-7
1430.5102	4.49642E-7
1431.42857	4.48095E-7
1432.34694	4.46549E-7
1433.26531	4.45002E-7
1434.18367	4.43455E-7
1435.10204	4.41909E-7
1436.02041	4.40362E-7
1436.93878	4.38816E-7
1437.85714	4.37269E-7
1438.77551	4.35722E-7
1439.69388	4.34176E-7
1440.61224	4.32629E-7
1441.53061	4.31082E-7
1442.44898	4.29536E-7
1443.36735	4.27989E-7
1444.28571	4.26443E-7
1445.20408	4.24896E-7
1446.12245	4.23349E-7
1447.04082	4.21803E-7
1447.95918	4.20256E-7
1448.87755	4.18709E-7
1449.79592	4.17163E-7
1450.71429	4.15616E-7
1451.63265	4.1407E-7
1452.55102	4.12523E-7
1453.46939	4.10976E-7
1454.38776	4.0943E-7
1455.30612	4.07883E-7
1456.22449	4.06336E-7
1457.14286	4.0479E-7
1458.06122	4.03243E-7
1458.97959	4.01697E-7
1459.89796	4.0015E-7
1460.81633	3.98603E-7
1461.73469	3.97057E-7
1462.65306	3.9551E-7
1463.57143	3.93963E-7
1464.4898	3.92417E-7
1465.40816	3.9087E-7
1466.32653	3.89324E-7
1467.2449	3.87777E-7
1468.16327	3.8623E-7
1469.08163	3.84684E-7
1470	3.83137E-7
1470.91837	3.8159E-7
1471.83673	3.80044E-7
1472.7551	3.78497E-7
1473.67347	3.76951E-7
1474.59184	3.75404E-7
1475.5102	3.73857E-7
1476.42857	3.72311E-7
1477.34694	3.70764E-7
1478.26531	3.69217E-7
1479.18367	3.67671E-7
1480.10204	3.66124E-7
1481.02041	3.64578E-7
1481.93878	3.63031E-7
1482.85714	3.61484E-7
1483.77551	3.59938E-7
1484.69388	3.58391E-7
1485.61224	3.56844E-7
1486.53061	3.55298E-7
1487.44898	3.53751E-7
1488.36735	3.52205E-7
1489.28571	3.50658E-7
1490.20408	3.49111E-7
1491.12245	3.47565E-7
1492.04082	3.46018E-7
1492.95918	3.44471E-7
1493.87755	3.42925E-7
1494.79592	3.41378E-7
1495.71429	3.39832E-7
1496.63265	3.38285E-7
1497.55102	3.36738E-7
1498.46939	3.35192E-7
1499.38776	3.33645E-7
1500.30612	3.32098E-7
1501.22449	3.30552E-7
1502.14286	3.29005E-7
1503.06122	3.27459E-7
1503.97959	3.25912E-7
1504.89796	3.24365E-7
1505.81633	3.22819E-7
1506.73469	3.21272E-7
1507.65306	3.19725E-7
1508.57143	3.19147E-7
1509.4898	3.18753E-7
1510.40816	3.18359E-7
1511.32653	3.17966E-7
1512.2449	3.17572E-7
1513.16327	3.17178E-7
1514.08163	3.16784E-7
1515	3.1639E-7
1515.91837	3.15996E-7
1516.83673	3.15602E-7
1517.7551	3.15209E-7
1518.67347	3.14815E-7
1519.59184	3.14421E-7
1520.5102	3.14027E-7
1521.42857	3.13633E-7
1522.34694	3.13239E-7
1523.26531	3.12845E-7
1524.18367	3.12452E-7
1525.10204	3.12058E-7
1526.02041	3.11664E-7
1526.93878	3.1127E-7
1527.85714	3.10876E-7
1528.77551	3.10482E-7
1529.69388	3.10088E-7
1530.61224	3.09695E-7
1531.53061	3.09301E-7
1532.44898	3.08907E-7
1533.36735	3.08513E-7
1534.28571	3.08119E-7
1535.20408	3.07725E-7
1536.12245	3.07331E-7
1537.04082	3.06938E-7
1537.95918	3.06544E-7
1538.87755	3.0615E-7
1539.79592	3.05756E-7
1540.71429	3.05362E-7
1541.63265	3.04968E-7
1542.55102	3.04575E-7
1543.46939	3.04181E-7
1544.38776	3.03787E-7
1545.30612	3.03393E-7
1546.22449	3.02999E-7
1547.14286	3.02605E-7
1548.06122	3.02211E-7
1548.97959	3.01818E-7
1549.89796	3.01424E-7
1550.81633	3.0103E-7
1551.73469	3.00636E-7
1552.65306	3.00242E-7
1553.57143	2.99848E-7
1554.4898	2.99454E-7
1555.40816	2.99061E-7
1556.32653	2.98667E-7
1557.2449	2.98273E-7
1558.16327	2.97879E-7
1559.08163	2.97485E-7
1560	2.97091E-7
1560.91837	2.96697E-7
1561.83673	2.96304E-7
1562.7551	2.9591E-7
1563.67347	2.95516E-7
1564.59184	2.95122E-7
1565.5102	2.94728E-7
1566.42857	2.94334E-7
1567.34694	2.9394E-7
1568.26531	2.93547E-7
1569.18367	2.93153E-7
1570.10204	2.92759E-7
1571.02041	2.92365E-7
1571.93878	2.91971E-7
1572.85714	2.91577E-7
1573.77551	2.91183E-7
1574.69388	2.9079E-7
1575.61224	2.90396E-7
1576.53061	2.90002E-7
1577.44898	2.89608E-7
1578.36735	2.89214E-7
1579.28571	2.8882E-7
1580.20408	2.88426E-7
1581.12245	2.88033E-7
1582.04082	2.87639E-7
1582.95918	2.87245E-7
1583.87755	2.86851E-7
1584.79592	2.86457E-7
1585.71429	2.86063E-7
1586.63265	2.85669E-7
1587.55102	2.85276E-7
1588.46939	2.84882E-7
1589.38776	2.84488E-7
1590.30612	2.84094E-7
1591.22449	2.837E-7
1592.14286	2.83306E-7
1593.06122	2.82912E-7
1593.97959	2.82519E-7
1594.89796	2.82125E-7
1595.81633	2.81731E-7
1596.73469	2.81337E-7
1597.65306	2.80943E-7
1598.57143	2.80549E-7
1599.4898	2.80155E-7
1600.40816	2.79762E-7
1601.32653	2.79368E-7
1602.2449	2.78974E-7
1603.16327	2.7858E-7
1604.08163	2.78186E-7
1605	2.77792E-7
1605.91837	2.77398E-7
1606.83673	2.77005E-7
1607.7551	2.76611E-7
1608.67347	2.76217E-7
1609.59184	2.75823E-7
1610.5102	2.75429E-7
1611.42857	2.75035E-7
1612.34694	2.74641E-7
1613.26531	2.74248E-7
1614.18367	2.73854E-7
1615.10204	2.7346E-7
1616.02041	2.73066E-7
1616.93878	2.72672E-7
1617.85714	2.72278E-7
1618.77551	2.71884E-7
1619.69388	2.71491E-7
1620.61224	2.71097E-7
1621.53061	2.70703E-7
1622.44898	2.70309E-7
1623.36735	2.69915E-7
1624.28571	2.69521E-7
1625.20408	2.69127E-7
1626.12245	2.68734E-7
1627.04082	2.6834E-7
1627.95918	2.67946E-7
1628.87755	2.67552E-7
1629.79592	2.67158E-7
1630.71429	2.66764E-7
1631.63265	2.6637E-7
1632.55102	2.65977E-7
1633.46939	2.65583E-7
1634.38776	2.65189E-7
1635.30612	2.64795E-7
1636.22449	2.64401E-7
1637.14286	2.64007E-7
1638.06122	2.63614E-7
1638.97959	2.6322E-7
1639.89796	2.62826E-7
1640.81633	2.62432E-7
1641.73469	2.62038E-7
1642.65306	2.61644E-7
1643.57143	2.6125E-7
1644.4898	2.60857E-7
1645.40816	2.60463E-7
1646.32653	2.60069E-7
1647.2449	2.59675E-7
1648.16327	2.59344E-7
1649.08163	2.59168E-7
1650	2.58993E-7
1650.91837	2.58817E-7
1651.83673	2.58642E-7
1652.7551	2.58467E-7
1653.67347	2.58291E-7
1654.59184	2.58116E-7
1655.5102	2.5794E-7
1656.42857	2.57765E-7
1657.34694	2.57589E-7
1658.26531	2.57414E-7
1659.18367	2.57238E-7
1660.10204	2.57063E-7
1661.02041	2.56888E-7
1661.93878	2.56712E-7
1662.85714	2.56537E-7
1663.77551	2.56361E-7
1664.69388	2.56186E-7
1665.61224	2.5601E-7
1666.53061	2.55835E-7
1667.44898	2.5566E-7
1668.36735	2.55484E-7
1669.28571	2.55309E-7
1670.20408	2.55133E-7
1671.12245	2.54958E-7
1672.04082	2.54782E-7
1672.95918	2.54607E-7
1673.87755	2.54432E-7
1674.79592	2.54256E-7
1675.71429	2.54081E-7
1676.63265	2.53905E-7
1677.55102	2.5373E-7
1678.46939	2.53554E-7
1679.38776	2.53379E-7
1680.30612	2.53204E-7
1681.22449	2.53028E-7
1682.14286	2.52853E-7
1683.06122	2.52677E-7
1683.97959	2.52502E-7
1684.89796	2.52326E-7
1685.81633	2.52151E-7
1686.73469	2.51975E-7
1687.65306	2.518E-7
1688.57143	2.51625E-7
1689.4898	2.51449E-7
1690.40816	2.51274E-7
1691.32653	2.51098E-7
1692.2449	2.50923E-7
1693.16327	2.50747E-7
1694.08163	2.50572E-7
1695	2.50397E-7
1695.91837	2.50221E-7
1696.83673	2.50046E-7
1697.7551	2.4987E-7
1698.67347	2.49695E-7
1699.59184	2.49519E-7
1700.5102	2.49344E-7
1701.42857	2.49169E-7
1702.34694	2.48993E-7
1703.26531	2.48818E-7
1704.18367	2.48642E-7
1705.10204	2.48467E-7
1706.02041	2.48291E-7
1706.93878	2.48116E-7
1707.85714	2.4794E-7
1708.77551	2.47765E-7
1709.69388	2.4759E-7
1710.61224	2.47414E-7
1711.53061	2.47239E-7
1712.44898	2.47063E-7
1713.36735	2.46888E-7
1714.28571	2.46712E-7
1715.20408	2.46537E-7
1716.12245	2.46362E-7
1717.04082	2.46186E-7
1717.95918	2.46011E-7
1718.87755	2.45835E-7
1719.79592	2.4566E-7
1720.71429	2.45484E-7
1721.63265	2.45309E-7
1722.55102	2.45134E-7
1723.46939	2.44958E-7
1724.38776	2.44783E-7
1725.30612	2.44607E-7
1726.22449	2.44432E-7
1727.14286	2.44256E-7
1728.06122	2.44081E-7
1728.97959	2.43905E-7
1729.89796	2.4373E-7
1730.81633	2.43555E-7
1731.73469	2.43379E-7
1732.65306	2.43204E-7
1733.57143	2.43028E-7
1734.4898	2.42853E-7
1735.40816	2.42677E-7
1736.32653	2.42502E-7
1737.2449	2.42327E-7
1738.16327	2.42151E-7
1739.08163	2.41976E-7
1740	2.418E-7
1740.91837	2.41625E-7
1741.83673	2.41449E-7
1742.7551	2.41274E-7
1743.67347	2.41099E-7
1744.59184	2.40923E-7
1745.5102	2.40748E-7
1746.42857	2.40572E-7
1747.34694	2.40397E-7
1748.26531	2.40221E-7
1749.18367	2.40046E-7
1750.10204	2.3987E-7
1751.02041	2.39695E-7
1751.93878	2.3952E-7
1752.85714	2.39344E-7
1753.77551	2.39169E-7
1754.69388	2.38993E-7
1755.61224	2.38818E-7
1756.53061	2.38642E-7
1757.44898	2.38467E-7
1758.36735	2.38292E-7
1759.28571	2.38116E-7
1760.20408	2.37941E-7
1761.12245	2.37765E-7
1762.04082	2.3759E-7
1762.95918	2.37414E-7
1763.87755	2.37239E-7
1764.79592	2.37064E-7
1765.71429	2.36888E-7
1766.63265	2.36713E-7
1767.55102	2.36537E-7
1768.46939	2.36362E-7
1769.38776	2.36186E-7
1770.30612	2.36011E-7
1771.22449	2.35835E-7
1772.14286	2.3566E-7
1773.06122	2.35485E-7
1773.97959	2.35309E-7
1774.89796	2.35134E-7
1775.81633	2.34958E-7
1776.73469	2.34783E-7
1777.65306	2.34607E-7
1778.57143	2.34432E-7
1779.4898	2.34257E-7
1780.40816	2.34081E-7
1781.32653	2.33906E-7
1782.2449	2.3373E-7
1783.16327	2.33555E-7
1784.08163	2.33379E-7
1785	2.33204E-7
1785.91837	2.33029E-7
1786.83673	2.32853E-7
1787.7551	2.32678E-7
1788.67347	2.32502E-7
1789.59184	2.32327E-7
1790.5102	2.32151E-7
1791.42857	2.31976E-7
1792.34694	2.31801E-7
1793.26531	2.31625E-7
1794.18367	2.3145E-7
1795.10204	2.31274E-7
1796.02041	2.31099E-7
1796.93878	2.30923E-7
1797.85714	2.30748E-7
1798.77551	2.30572E-7
1799.69388	2.30397E-7
1800.61224	2.30222E-7
1801.53061	2.30046E-7
1802.44898	2.29871E-7
1803.36735	2.29695E-7
1804.28571	2.2952E-7
1805.20408	2.29344E-7
1806.12245	2.29169E-7
1807.04082	2.28994E-7
1807.95918	2.28818E-7
1808.87755	2.28643E-7
1809.79592	2.28467E-7
1810.71429	2.28292E-7
1811.63265	2.28116E-7
1812.55102	2.27941E-7
1813.46939	2.27766E-7
1814.38776	2.2759E-7
1815.30612	2.27415E-7
1816.22449	2.27239E-7
1817.14286	2.27064E-7
1818.06122	2.26888E-7
1818.97959	2.26713E-7
1819.89796	2.26537E-7
1820.81633	2.26362E-7
1821.73469	2.26187E-7
1822.65306	2.26011E-7
1823.57143	2.25836E-7
1824.4898	2.2566E-7
1825.40816	2.25485E-7
1826.32653	2.25309E-7
1827.2449	2.25134E-7
1828.16327	2.24959E-7
1829.08163	2.24783E-7
1830	2.24608E-7
1830.91837	2.24432E-7
1831.83673	2.24257E-7
1832.7551	2.24081E-7
1833.67347	2.23906E-7
1834.59184	2.23731E-7
1835.5102	2.23555E-7
1836.42857	2.2338E-7
1837.34694	2.23204E-7
1838.26531	2.23029E-7
1839.18367	2.22853E-7
1840.10204	2.22678E-7
1841.02041	2.22502E-7
1841.93878	2.22327E-7
1842.85714	2.22152E-7
1843.77551	2.21976E-7
1844.69388	2.21801E-7
1845.61224	2.21625E-7
1846.53061	2.2145E-7
1847.44898	2.21274E-7
1848.36735	2.21099E-7
1849.28571	2.20924E-7
1850.20408	2.20748E-7
1851.12245	2.20573E-7
1852.04082	2.20397E-7
1852.95918	2.20222E-7
1853.87755	2.20046E-7
1854.79592	2.19871E-7
1855.71429	2.19696E-7
1856.63265	2.1952E-7
1857.55102	2.19345E-7
1858.46939	2.19169E-7
1859.38776	2.18994E-7
1860.30612	2.18818E-7
1861.22449	2.18643E-7
1862.14286	2.18467E-7
1863.06122	2.18292E-7
1863.97959	2.18117E-7
1864.89796	2.17941E-7
1865.81633	2.17766E-7
1866.73469	2.1759E-7
1867.65306	2.17415E-7
1868.57143	2.17239E-7
1869.4898	2.17064E-7
1870.40816	2.16889E-7
1871.32653	2.16713E-7
1872.2449	2.16538E-7
1873.16327	2.16362E-7
1874.08163	2.16187E-7
1875	2.16011E-7
1875.91837	2.15836E-7
1876.83673	2.15661E-7
1877.7551	2.15485E-7
1878.67347	2.1531E-7
1879.59184	2.15134E-7
1880.5102	2.14959E-7
1881.42857	2.14783E-7
1882.34694	2.14633E-7
1883.26531	2.14616E-7
1884.18367	2.146E-7
1885.10204	2.14583E-7
1886.02041	2.14566E-7
1886.93878	2.14549E-7
1887.85714	2.14532E-7
1888.77551	2.14515E-7
1889.69388	2.14498E-7
1890.61224	2.14482E-7
1891.53061	2.14465E-7
1892.44898	2.14448E-7
1893.36735	2.14431E-7
1894.28571	2.14414E-7
1895.20408	2.14397E-7
1896.12245	2.14381E-7
1897.04082	2.14364E-7
1897.95918	2.14347E-7
1898.87755	2.1433E-7
1899.79592	2.14313E-7
1900.71429	2.14296E-7
1901.63265	2.14279E-7
1902.55102	2.14263E-7
1903.46939	2.14246E-7
1904.38776	2.14229E-7
1905.30612	2.14212E-7
1906.22449	2.14195E-7
1907.14286	2.14178E-7
1908.06122	2.14161E-7
1908.97959	2.14145E-7
1909.89796	2.14128E-7
1910.81633	2.14111E-7
1911.73469	2.14094E-7
1912.65306	2.14077E-7
1913.57143	2.1406E-7
1914.4898	2.14043E-7
1915.40816	2.14027E-7
1916.32653	2.1401E-7
1917.2449	2.13993E-7
1918.16327	2.13976E-7
1919.08163	2.13959E-7
1920	2.13942E-7
1920.91837	2.13926E-7
1921.83673	2.13909E-7
1922.7551	2.13892E-7
1923.67347	2.13875E-7
1924.59184	2.13858E-7
1925.5102	2.13841E-7
1926.42857	2.13824E-7
1927.34694	2.13808E-7
1928.26531	2.13791E-7
1929.18367	2.13774E-7
1930.10204	2.13757E-7
1931.02041	2.1374E-7
1931.93878	2.13723E-7
1932.85714	2.13706E-7
1933.77551	2.1369E-7
1934.69388	2.13673E-7
1935.61224	2.13656E-7
1936.53061	2.13639E-7
1937.44898	2.13622E-7
1938.36735	2.13605E-7
1939.28571	2.13588E-7
1940.20408	2.13572E-7
1941.12245	2.13555E-7
1942.04082	2.13538E-7
1942.95918	2.13521E-7
1943.87755	2.13504E-7
1944.79592	2.13487E-7
1945.71429	2.1347E-7
1946.63265	2.13454E-7
1947.55102	2.13437E-7
1948.46939	2.1342E-7
1949.38776	2.13403E-7
1950.30612	2.13386E-7
1951.22449	2.13369E-7
1952.14286	2.13353E-7
1953.06122	2.13336E-7
1953.97959	2.13319E-7
1954.89796	2.13302E-7
1955.81633	2.13285E-7
1956.73469	2.13268E-7
1957.65306	2.13251E-7
1958.57143	2.13235E-7
1959.4898	2.13218E-7
1960.40816	2.13201E-7
1961.32653	2.13184E-7
1962.2449	2.13167E-7
1963.16327	2.1315E-7
1964.08163	2.13133E-7
1965	2.13117E-7
1965.91837	2.131E-7
1966.83673	2.13083E-7
1967.7551	2.13066E-7
1968.67347	2.13049E-7
1969.59184	2.13032E-7
1970.5102	2.13015E-7
1971.42857	2.12999E-7
1972.34694	2.12982E-7
1973.26531	2.12965E-7
1974.18367	2.12948E-7
1975.10204	2.12931E-7
1976.02041	2.12914E-7
1976.93878	2.12898E-7
1977.85714	2.12881E-7
1978.77551	2.12864E-7
1979.69388	2.12847E-7
1980.61224	2.1283E-7
1981.53061	2.12813E-7
1982.44898	2.12796E-7
1983.36735	2.1278E-7
1984.28571	2.12763E-7
1985.20408	2.12746E-7
1986.12245	2.12729E-7
1987.04082	2.12712E-7
1987.95918	2.12695E-7
1988.87755	2.12678E-7
1989.79592	2.12662E-7
1990.71429	2.12645E-7
1991.63265	2.12628E-7
1992.55102	2.12611E-7
1993.46939	2.12594E-7
1994.38776	2.12577E-7
1995.30612	2.1256E-7
1996.22449	2.12544E-7
1997.14286	2.12527E-7
1998.06122	2.1251E-7
1998.97959	2.12493E-7
1999.89796	2.12476E-7
2000.81633	2.12459E-7
2001.73469	2.12443E-7
2002.65306	2.12426E-7
2003.57143	2.12409E-7
2004.4898	2.12392E-7
2005.40816	2.12375E-7
2006.32653	2.12358E-7
2007.2449	2.12341E-7
2008.16327	2.12325E-7
2009.08163	2.12308E-7
2010	2.12291E-7
2010.91837	2.12274E-7
2011.83673	2.12257E-7
2012.7551	2.1224E-7
2013.67347	2.12223E-7
2014.59184	2.12207E-7
2015.5102	2.1219E-7
2016.42857	2.12173E-7
2017.34694	2.12156E-7
2018.26531	2.12139E-7
2019.18367	2.12122E-7
2020.10204	2.12105E-7
2021.02041	2.12089E-7
2021.93878	2.12072E-7
2022.85714	2.12055E-7
2023.77551	2.12038E-7
2024.69388	2.12021E-7
2025.61224	2.12004E-7
2026.53061	2.11988E-7
2027.44898	2.11971E-7
2028.36735	2.11954E-7
2029.28571	2.11937E-7
2030.20408	2.1192E-7
2031.12245	2.11903E-7
2032.04082	2.11886E-7
2032.95918	2.1187E-7
2033.87755	2.11853E-7
2034.79592	2.11836E-7
2035.71429	2.11819E-7
2036.63265	2.11802E-7
2037.55102	2.11785E-7
2038.46939	2.11768E-7
2039.38776	2.11752E-7
2040.30612	2.11735E-7
2041.22449	2.11718E-7
2042.14286	2.11701E-7
2043.06122	2.11684E-7
2043.97959	2.11667E-7
2044.89796	2.1165E-7
2045.81633	2.11634E-7
2046.73469	2.11617E-7
2047.65306	2.116E-7
2048.57143	2.11583E-7
2049.4898	2.11566E-7
2050.40816	2.11549E-7
2051.32653	2.11532E-7
2052.2449	2.11516E-7
2053.16327	2.11499E-7
2054.08163	2.11482E-7
2055	2.11465E-7
2055.91837	2.11448E-7
2056.83673	2.11431E-7
2057.7551	2.11415E-7
2058.67347	2.11398E-7
2059.59184	2.11381E-7
2060.5102	2.11364E-7
2061.42857	2.11347E-7
2062.34694	2.1133E-7
2063.26531	2.11313E-7
2064.18367	2.11297E-7
2065.10204	2.1128E-7
2066.02041	2.11263E-7
2066.93878	2.11246E-7
2067.85714	2.11229E-7
2068.77551	2.11212E-7
2069.69388	2.11195E-7
2070.61224	2.11179E-7
2071.53061	2.11162E-7
2072.44898	2.11145E-7
2073.36735	2.11128E-7
2074.28571	2.11111E-7
2075.20408	2.11094E-7
2076.12245	2.11077E-7
2077.04082	2.11061E-7
2077.95918	2.11044E-7
2078.87755	2.11027E-7
2079.79592	2.1101E-7
2080.71429	2.10993E-7
2081.63265	2.10976E-7
2082.55102	2.1096E-7
2083.46939	2.10943E-7
2084.38776	2.10926E-7
2085.30612	2.10909E-7
2086.22449	2.10892E-7
2087.14286	2.10875E-7
2088.06122	2.10858E-7
2088.97959	2.10842E-7
2089.89796	2.10825E-7
2090.81633	2.10808E-7
2091.73469	2.10791E-7
2092.65306	2.10774E-7
2093.57143	2.10757E-7
2094.4898	2.1074E-7
2095.40816	2.10724E-7
2096.32653	2.10707E-7
2097.2449	2.1069E-7
2098.16327	2.10673E-7
2099.08163	2.10656E-7
2100	2.10639E-7
2100.91837	2.10622E-7
2101.83673	2.10606E-7
2102.7551	2.10589E-7
2103.67347	2.10572E-7
2104.59184	2.10555E-7
2105.5102	2.10538E-7
2106.42857	2.10521E-7
2107.34694	2.10505E-7
2108.26531	2.10488E-7
2109.18367	2.10471E-7
2110.10204	2.10454E-7
2111.02041	2.10437E-7
2111.93878	2.1042E-7
2112.85714	2.10403E-7
2113.77551	2.10387E-7
2114.69388	2.1037E-7
2115.61224	2.10353E-7
2116.53061	2.10336E-7
2117.44898	2.10319E-7
2118.36735	2.10302E-7
2119.28571	2.10285E-7
2120.20408	2.10269E-7
2121.12245	2.10252E-7
2122.04082	2.10235E-7
2122.95918	2.10218E-7
2123.87755	2.10201E-7
2124.79592	2.10184E-7
2125.71429	2.10167E-7
2126.63265	2.10151E-7
2127.55102	2.10134E-7
2128.46939	2.10117E-7
2129.38776	2.101E-7
2130.30612	2.10083E-7
2131.22449	2.10066E-7
2132.14286	2.10049E-7
2133.06122	2.10033E-7
2133.97959	2.10016E-7
2134.89796	2.09999E-7
2135.81633	2.09982E-7
2136.73469	2.09965E-7
2137.65306	2.09948E-7
2138.57143	2.09932E-7
2139.4898	2.09915E-7
2140.40816	2.09898E-7
2141.32653	2.09881E-7
2142.2449	2.09864E-7
2143.16327	2.09847E-7
2144.08163	2.0983E-7
2145	2.09814E-7
2145.91837	2.09797E-7
2146.83673	2.0978E-7
2147.7551	2.09763E-7
2148.67347	2.09746E-7
2149.59184	2.09729E-7
2150.5102	2.09712E-7
2151.42857	2.09696E-7
2152.34694	2.09679E-7
2153.26531	2.09662E-7
2154.18367	2.09645E-7
2155.10204	2.09628E-7
2156.02041	2.09611E-7
2156.93878	2.09594E-7
2157.85714	2.09578E-7
2158.77551	2.09561E-7
2159.69388	2.09544E-7
2160.61224	2.09527E-7
2161.53061	2.0951E-7
2162.44898	2.09493E-7
2163.36735	2.09477E-7
2164.28571	2.0946E-7
2165.20408	2.09443E-7
2166.12245	2.09426E-7
2167.04082	2.09409E-7
2167.95918	2.09392E-7
2168.87755	2.09375E-7
2169.79592	2.09359E-7
2170.71429	2.09342E-7
2171.63265	2.09325E-7
2172.55102	2.09308E-7
2173.46939	2.09291E-7
2174.38776	2.09274E-7
2175.30612	2.09257E-7
2176.22449	2.09241E-7
2177.14286	2.09224E-7
2178.06122	2.09207E-7
2178.97959	2.0919E-7
2179.89796	2.09173E-7
2180.81633	2.09156E-7
2181.73469	2.09139E-7
2182.65306	2.09123E-7
2183.57143	2.09106E-7
2184.4898	2.09089E-7
2185.40816	2.09072E-7
2186.32653	2.09055E-7
2187.2449	2.09038E-7
2188.16327	2.09022E-7
2189.08163	2.09005E-7
2190	2.08988E-7
2190.91837	2.08971E-7
2191.83673	2.08954E-7
2192.7551	2.08937E-7
2193.67347	2.0892E-7
2194.59184	2.08904E-7
2195.5102	2.08887E-7
2196.42857	2.0887E-7
2197.34694	2.08853E-7
2198.26531	2.08836E-7
2199.18367	2.08819E-7
2200.10204	2.08802E-7
2201.02041	2.08786E-7
2201.93878	2.08769E-7
2202.85714	2.08752E-7
2203.77551	2.08735E-7
2204.69388	2.08718E-7
2205.61224	2.08701E-7
2206.53061	2.08684E-7
2207.44898	2.08668E-7
2208.36735	2.08651E-7
2209.28571	2.08634E-7
2210.20408	2.08617E-7
2211.12245	2.086E-7
2212.04082	2.08583E-7
2212.95918	2.08566E-7
2213.87755	2.0855E-7
2214.79592	2.08533E-7
2215.71429	2.08516E-7
2216.63265	2.08499E-7
2217.55102	2.08482E-7
2218.46939	2.08465E-7
2219.38776	2.08449E-7
2220.30612	2.08432E-7
2221.22449	2.08415E-7
2222.14286	2.08398E-7
2223.06122	2.08381E-7
2223.97959	2.08364E-7
2224.89796	2.08347E-7
2225.81633	2.08331E-7
2226.73469	2.08314E-7
2227.65306	2.08297E-7
2228.57143	2.0828E-7
2229.4898	2.08263E-7
2230.40816	2.08246E-7
2231.32653	2.08229E-7
2232.2449	2.08213E-7
2233.16327	2.08196E-7
2234.08163	2.08179E-7
2235	2.08162E-7
2235.91837	2.08145E-7
2236.83673	2.08128E-7
2237.7551	2.08111E-7
2238.67347	2.08095E-7
2239.59184	2.08078E-7
2240.5102	2.08061E-7
2241.42857	2.08044E-7
2242.34694	2.08027E-7
2243.26531	2.0801E-7
2244.18367	2.07994E-7
2245.10204	2.07977E-7
2246.02041	2.0796E-7
2246.93878	2.07943E-7
2247.85714	2.07926E-7
2248.77551	2.07909E-7
2249.69388	2.07892E-7
2250.61224	2.07876E-7
2251.53061	2.07859E-7
2252.44898	2.07842E-7
2253.36735	2.07825E-7
2254.28571	2.07808E-7
2255.20408	2.07791E-7
2256.12245	2.07774E-7
2257.04082	2.07758E-7
2257.95918	2.07741E-7
2258.87755	2.07724E-7
2259.79592	2.07707E-7
2260.71429	2.0769E-7
2261.63265	2.07673E-7
2262.55102	2.07656E-7
2263.46939	2.0764E-7
2264.38776	2.07623E-7
2265.30612	2.07606E-7
2266.22449	2.07589E-7
2267.14286	2.07572E-7
2268.06122	2.07555E-7
2268.97959	2.07539E-7
2269.89796	2.07522E-7
2270.81633	2.07505E-7
2271.73469	2.07488E-7
2272.65306	2.07471E-7
2273.57143	2.07454E-7
2274.4898	2.07437E-7
2275.40816	2.07421E-7
2276.32653	2.07404E-7
2277.2449	2.07387E-7
2278.16327	2.0737E-7
2279.08163	2.07353E-7
2280	2.07336E-7
2280.91837	2.07319E-7
2281.83673	2.07303E-7
2282.7551	2.07286E-7
2283.67347	2.07269E-7
2284.59184	2.07252E-7
2285.5102	2.07235E-7
2286.42857	2.07218E-7
2287.34694	2.07201E-7
2288.26531	2.07185E-7
2289.18367	2.07168E-7
2290.10204	2.07151E-7
2291.02041	2.07134E-7
2291.93878	2.07117E-7
2292.85714	2.071E-7
2293.77551	2.07084E-7
2294.69388	2.07067E-7
2295.61224	2.0705E-7
2296.53061	2.07033E-7
2297.44898	2.07016E-7
2298.36735	2.06999E-7
2299.28571	2.06982E-7
2300.20408	2.06966E-7
2301.12245	2.06949E-7
2302.04082	2.06932E-7
2302.95918	2.06915E-7
2303.87755	2.06898E-7
2304.79592	2.06881E-7
2305.71429	2.06864E-7
2306.63265	2.06848E-7
2307.55102	2.06831E-7
2308.46939	2.06814E-7
2309.38776	2.06797E-7
2310.30612	2.0678E-7
2311.22449	2.06763E-7
2312.14286	2.06746E-7
2313.06122	2.0673E-7
2313.97959	2.06713E-7
2314.89796	2.06696E-7
2315.81633	2.06679E-7
2316.73469	2.06662E-7
2317.65306	2.06645E-7
2318.57143	2.06628E-7
2319.4898	2.06612E-7
2320.40816	2.06595E-7
2321.32653	2.06578E-7
2322.2449	2.06561E-7
2323.16327	2.06544E-7
2324.08163	2.06527E-7
2325	2.06511E-7
2325.91837	2.06494E-7
2326.83673	2.06477E-7
2327.7551	2.0646E-7
2328.67347	2.06443E-7
2329.59184	2.06426E-7
2330.5102	2.06409E-7
2331.42857	2.06393E-7
2332.34694	2.06376E-7
2333.26531	2.06359E-7
2334.18367	2.06342E-7
2335.10204	2.06325E-7
2336.02041	2.06308E-7
2336.93878	2.06291E-7
2337.85714	2.06275E-7
2338.77551	2.06258E-7
2339.69388	2.06241E-7
2340.61224	2.06224E-7
2341.53061	2.06207E-7
2342.44898	2.0619E-7
2343.36735	2.06173E-7
2344.28571	2.06157E-7
2345.20408	2.0614E-7
2346.12245	2.06123E-7
2347.04082	2.06106E-7
2347.95918	2.06089E-7
2348.87755	2.06072E-7
2349.79592	2.06056E-7
2350.71429	2.06039E-7
2351.63265	2.06022E-7
2352.55102	2.06005E-7
2353.46939	2.05988E-7
2354.38776	2.05971E-7
2355.30612	2.05954E-7
2356.22449	2.05938E-7
2357.14286	2.05921E-7
2358.06122	2.05904E-7
2358.97959	2.05887E-7
2359.89796	2.0587E-7
2360.81633	2.05853E-7
2361.73469	2.05836E-7
2362.65306	2.0582E-7
2363.57143	2.05803E-7
2364.4898	2.05786E-7
2365.40816	2.05769E-7
2366.32653	2.05752E-7
2367.2449	2.05735E-7
2368.16327	2.05718E-7
2369.08163	2.05702E-7
2370	2.05685E-7
2370.91837	2.05668E-7
2371.83673	2.05651E-7
2372.7551	2.05634E-7
2373.67347	2.05617E-7
2374.59184	2.05601E-7
2375.5102	2.05584E-7
2376.42857	2.05567E-7
2377.34694	2.0555E-7
2378.26531	2.05533E-7
2379.18367	2.05516E-7
2380.10204	2.05499E-7
2381.02041	2.05483E-7
2381.93878	2.05466E-7
2382.85714	2.05449E-7
2383.77551	2.05432E-7
2384.69388	2.05415E-7
2385.61224	2.05398E-7
2386.53061	2.05381E-7
2387.44898	2.05365E-7
2388.36735	2.05348E-7
2389.28571	2.05331E-7
2390.20408	2.05314E-7
2391.12245	2.05297E-7
2392.04082	2.0528E-7
2392.95918	2.05263E-7
2393.87755	2.05247E-7
2394.79592	2.0523E-7
2395.71429	2.05213E-7
2396.63265	2.05196E-7
2397.55102	2.05179E-7
2398.46939	2.05162E-7
2399.38776	2.05145E-7
2400.30612	2.05129E-7
2401.22449	2.05112E-7
2402.14286	2.05095E-7
2403.06122	2.05078E-7
2403.97959	2.05061E-7
2404.89796	2.05044E-7
2405.81633	2.05028E-7
2406.73469	2.05011E-7
2407.65306	2.04994E-7
2408.57143	2.04977E-7
2409.4898	2.0496E-7
2410.40816	2.04943E-7
2411.32653	2.04926E-7
2412.2449	2.0491E-7
2413.16327	2.04893E-7
2414.08163	2.04876E-7
2415	2.04859E-7
2415.91837	2.04842E-7
2416.83673	2.04825E-7
2417.7551	2.04808E-7
2418.67347	2.04792E-7
2419.59184	2.04775E-7
2420.5102	2.04758E-7
2421.42857	2.04741E-7
2422.34694	2.04724E-7
2423.26531	2.04707E-7
2424.18367	2.0469E-7
2425.10204	2.04674E-7
2426.02041	2.04657E-7
2426.93878	2.0464E-7
2427.85714	2.04623E-7
2428.77551	2.04606E-7
2429.69388	2.04589E-7
2430.61224	2.04573E-7
2431.53061	2.04556E-7
2432.44898	2.04539E-7
2433.36735	2.04522E-7
2434.28571	2.04505E-7
2435.20408	2.04488E-7
2436.12245	2.04471E-7
2437.04082	2.04455E-7
2437.95918	2.04438E-7
2438.87755	2.04421E-7
2439.79592	2.04404E-7
2440.71429	2.04387E-7
2441.63265	2.0437E-7
2442.55102	2.04353E-7
2443.46939	2.04337E-7
2444.38776	2.0432E-7
2445.30612	2.04303E-7
2446.22449	2.04286E-7
2447.14286	2.04269E-7
2448.06122	2.04252E-7
2448.97959	2.04235E-7
2449.89796	2.04219E-7
2450.81633	2.04202E-7
2451.73469	2.04185E-7
2452.65306	2.04168E-7
2453.57143	2.04151E-7
2454.4898	2.04134E-7
2455.40816	2.04118E-7
2456.32653	2.04101E-7
2457.2449	2.04084E-7
2458.16327	2.04067E-7
2459.08163	2.0405E-7
2460	2.04033E-7
