165	0.55862
165.91437	0.57436
166.82873	0.58175
167.7431	0.58176
168.65746	0.60011
169.57183	0.60012
170.48619	0.61846
171.40056	0.61847
172.31493	0.61848
173.22929	0.63682
174.14366	0.63683
175.05802	0.64693
175.97239	0.65518
176.88675	0.65519
177.80112	0.67353
178.71549	0.68376
179.62985	0.69187
180.54422	0.69943
181.45858	0.71022
182.37295	0.72856
183.28731	0.73788
184.20168	0.74691
185.11605	0.76525
186.03041	0.76526
186.94478	0.7836
187.85914	0.80194
188.77351	0.80195
189.68788	0.82029
190.60224	0.83863
191.51661	0.83864
192.43097	0.85698
193.34534	0.87532
194.2597	0.87532
195.17407	0.89366
196.08844	0.912
197.0028	0.91261
197.91717	0.94868
198.83153	0.94869
199.7459	0.96703
200.66026	0.96704
201.57463	0.98538
202.489	1.00014
203.40336	1.0037
204.31773	0.9854
205.23209	0.99373
206.14646	1.00935
207.06082	1.02465
207.97519	1.05797
208.88956	1.0588
209.80392	1.08708
210.71829	1.0954
211.63265	1.09678
212.54702	1.1138
213.46138	1.1321
214.37575	1.13665
215.29012	1.16783
216.20448	1.1688
217.11885	1.17414
218.03321	1.20459
218.94758	1.2055
219.86194	1.22772
220.77631	1.2422
221.69068	1.26834
222.60504	1.27905
223.51941	1.30789
224.43377	1.3208
225.34814	1.3522
226.26251	1.3889
227.17687	1.41639
228.09124	1.43511
229.0056	1.4622
229.91997	1.4989
230.83433	1.52541
231.7487	1.53897
232.66307	1.56559
233.57743	1.5722
234.4918	1.58154
235.40616	1.5906
236.32053	1.5906
237.23489	1.5906
238.14926	1.5906
239.06363	1.58166
239.97799	1.5723
240.89236	1.5723
241.80672	1.5723
242.72109	1.5723
243.63545	1.5723
244.54982	1.5723
245.46419	1.5723
246.37855	1.5723
247.29292	1.5723
248.20728	1.5723
249.12165	1.5723
250.03601	1.5761
250.95038	1.5906
251.86475	1.59067
252.77911	1.60752
253.69348	1.609
254.60784	1.609
255.52221	1.6192
256.43657	1.64112
257.35094	1.6457
258.26531	1.66618
259.17967	1.68233
260.09404	1.69058
261.0084	1.71166
261.92277	1.73267
262.83713	1.7536
263.7515	1.77452
264.66587	1.81315
265.58023	1.83803
266.4946	1.87858
267.40896	1.91896
268.32333	1.95904
269.2377	2.01019
270.15206	2.06932
271.06643	2.12806
271.98079	2.20169
272.89516	2.27939
273.80952	2.35616
274.72389	2.45035
275.63826	2.52665
276.55262	2.6207
277.46699	2.71418
278.38135	2.80759
279.29572	2.90118
280.21008	3.01109
281.12445	3.12028
282.03882	3.22877
282.95318	3.33658
283.86755	3.44508
284.78191	3.58698
285.69628	3.72795
286.61064	3.88451
287.52501	4.04106
288.43938	4.1821
289.35374	4.3202
290.26811	4.457
291.18247	4.57097
292.09684	4.67209
293.0112	4.75698
293.92557	4.82357
294.83994	4.88119
295.7543	4.91422
296.66867	4.94694
297.58303	4.97944
298.4974	4.9825
299.41176	4.99479
300.32613	5.01075
301.2405	5.0192
302.15486	5.0192
303.06923	5.0192
303.98359	5.0192
304.89796	5.0192
305.81232	5.0192
306.72669	5.0192
307.64106	5.0192
308.55542	5.0192
309.46979	5.0192
310.38415	5.00489
311.29852	5.0009
312.21289	5.0009
313.12725	5.0009
314.04162	5.0009
314.95598	5.0153
315.87035	5.0192
316.78471	5.0192
317.69908	5.0192
318.61345	5.0192
319.52781	5.0192
320.44218	5.02724
321.35654	5.0376
322.27091	5.0376
323.18527	5.05057
324.09964	5.0559
325.01401	5.0559
325.92837	5.0559
326.84274	5.08049
327.7571	5.0926
328.67147	5.0926
329.58583	5.0926
330.5002	5.11354
331.41457	5.12923
332.32893	5.1293
333.2433	5.1293
334.15766	5.1441
335.07203	5.1659
335.98639	5.1659
336.90076	5.18394
337.81513	5.2026
338.72949	5.2026
339.64386	5.2226
340.55822	5.24335
341.47259	5.25566
342.38695	5.26789
343.30132	5.28426
344.21569	5.30855
345.13005	5.33283
346.04442	5.35698
346.95878	5.38089
347.87315	5.4046
348.78752	5.43102
349.70188	5.46627
350.61625	5.50133
351.53061	5.53749
352.44498	5.58377
353.35934	5.62998
354.27371	5.67614
355.18808	5.74285
356.10244	5.81089
357.01681	5.87855
357.93117	5.95356
358.84554	6.03178
359.7599	6.10945
360.67427	6.19124
361.58864	6.27923
362.503	6.36708
363.41737	6.45342
364.33173	6.51829
365.2461	6.58296
366.16046	6.64727
367.07483	6.69728
367.9892	6.73983
368.90356	6.76232
369.81793	6.78132
370.73229	6.79181
371.64666	6.784
372.56102	6.75272
373.47539	6.72873
374.38976	6.70818
375.30412	6.66962
376.21849	6.62896
377.13285	6.58863
378.04722	6.54288
378.96158	6.48288
379.87595	6.43186
380.79032	6.39218
381.70468	6.34085
382.61905	6.2815
383.53341	6.23006
384.44778	6.18141
385.36214	6.13309
386.27651	6.08483
387.19088	6.04616
388.10524	6.00757
389.01961	5.96018
389.93397	5.9138
390.84834	5.87626
391.76271	5.84015
392.67707	5.81204
393.59144	5.78223
394.5058	5.74536
395.42017	5.70856
396.33453	5.67199
397.2489	5.63729
398.16327	5.61014
399.07763	5.58304
399.992	5.55614
400.90636	5.52927
401.82073	5.50262
402.73509	5.47598
403.64946	5.4494
404.56383	5.42281
405.47819	5.39666
406.39256	5.37051
407.30692	5.34458
408.22129	5.31867
409.13565	5.29956
410.05002	5.28249
410.96439	5.26549
411.87875	5.24853
412.79312	5.23167
413.70748	5.21492
414.62185	5.19817
415.53621	5.18142
416.45058	5.1647
417.36495	5.14823
418.27931	5.13176
419.19368	5.10845
420.10804	5.084
421.02241	5.06462
421.93677	5.04851
422.85114	5.03244
423.76551	5.01645
424.67987	5.00046
425.59424	4.98463
426.5086	4.96879
427.42297	4.95871
428.33733	4.95084
429.2517	4.93992
430.16607	4.9244
431.08043	4.90888
431.9948	4.89356
432.90916	4.87823
433.82353	4.86298
434.7379	4.84777
435.65226	4.8326
436.56663	4.81758
437.48099	4.80257
438.39536	4.79355
439.30972	4.78608
440.22409	4.77865
441.13846	4.77129
442.05282	4.76393
442.96719	4.75037
443.88155	4.73566
444.79592	4.72358
445.71028	4.71638
446.62465	4.70917
447.53902	4.69622
448.45338	4.68192
449.36775	4.66938
450.28211	4.66233
451.19648	4.65527
452.11084	4.64826
453.02521	4.64128
453.93958	4.6343
454.85394	4.62735
455.76831	4.62041
456.68267	4.61087
457.59704	4.59711
458.5114	4.58334
459.42577	4.57462
460.34014	4.56786
461.2545	4.5611
462.16887	4.55437
463.08323	4.54765
463.9976	4.5391
464.91196	4.52587
465.82633	4.51263
466.7407	4.5062
467.65506	4.5062
468.56943	4.5062
469.48379	4.49687
470.39816	4.48389
471.31253	4.4709
472.22689	4.4695
473.14126	4.4695
474.05562	4.46881
474.96999	4.45611
475.88435	4.44341
476.79872	4.4328
477.71309	4.4328
478.62745	4.4328
479.54182	4.42979
480.45618	4.4174
481.37055	4.40502
482.28491	4.3962
483.19928	4.3962
484.11365	4.3962
485.02801	4.39256
485.94238	4.38041
486.85674	4.36827
487.77111	4.3595
488.68547	4.3595
489.59984	4.3595
490.51421	4.35664
491.42857	4.3448
492.34294	4.33296
493.2573	4.3229
494.17167	4.3229
495.08603	4.3229
496.0004	4.32264
496.91477	4.31105
497.82913	4.29945
498.7435	4.28785
499.65786	4.2862
500.57223	4.2862
501.48659	4.2862
502.40096	4.28249
503.31533	4.27684
504.22969	4.27119
505.14406	4.26554
506.05842	4.25989
506.97279	4.25424
507.88715	4.2495
508.80152	4.2495
509.71589	4.2495
510.63025	4.2495
511.54462	4.24028
512.45898	4.22938
513.37335	4.21847
514.28772	4.2129
515.20208	4.2129
516.11645	4.2129
517.03081	4.2129
517.94518	4.2129
518.85954	4.2129
519.77391	4.2129
520.68828	4.20601
521.60264	4.19546
522.51701	4.18492
523.43137	4.1762
524.34574	4.1762
525.2601	4.1762
526.17447	4.1762
527.08884	4.17274
528.0032	4.16761
528.91757	4.16248
529.83193	4.15735
530.7463	4.15229
531.66066	4.14722
532.57503	4.14215
533.4894	4.1396
534.40376	4.1396
535.31813	4.1396
536.23249	4.1396
537.14686	4.13542
538.06122	4.13045
538.97559	4.12549
539.88996	4.12053
540.80432	4.11565
541.71869	4.11077
542.63305	4.10589
543.54742	4.1029
544.46178	4.1029
545.37615	4.1029
546.29052	4.1029
547.20488	4.09996
548.11925	4.09521
549.03361	4.09045
549.94798	4.08569
550.86234	4.08098
551.77671	4.07628
552.69108	4.07158
553.60544	4.06689
554.51981	4.0663
555.43417	4.0663
556.34854	4.0663
557.26291	4.0663
558.17727	4.06203
559.09164	4.05743
560.006	4.05282
560.92037	4.04822
561.83473	4.0437
562.7491	4.03918
563.66347	4.03467
564.57783	4.03015
565.4922	4.0296
566.40656	4.0296
567.32093	4.0296
568.23529	4.0296
569.14966	4.02607
570.06403	4.02167
570.97839	4.01727
571.89276	4.01287
572.80712	4.0085
573.72149	4.00413
574.63585	3.99977
575.55022	3.9954
576.46459	3.9929
577.37895	3.9929
578.29332	3.9929
579.20768	3.9929
580.12205	3.9929
581.03641	3.9929
581.95078	3.9929
582.86515	3.9929
583.77951	3.9929
584.69388	3.98947
585.60824	3.9853
586.52261	3.98114
587.43697	3.97697
588.35134	3.97281
589.26571	3.96867
590.18007	3.96453
591.09444	3.96039
592.0088	3.9563
592.92317	3.9563
593.83754	3.9563
594.7519	3.9563
595.66627	3.9563
596.58063	3.9563
597.495	3.9563
598.40936	3.9563
599.32373	3.9563
600.2381	3.9563
601.15246	3.95267
602.06683	3.94872
602.98119	3.94478
603.89556	3.94084
604.80992	3.9369
605.72429	3.933
606.63866	3.92909
607.55302	3.92518
608.46739	3.92127
609.38175	3.9196
610.29612	3.9196
611.21048	3.9196
612.12485	3.9196
613.03922	3.9196
613.95358	3.9196
614.86795	3.9196
615.78231	3.9196
616.69668	3.9196
617.61104	3.9196
618.52541	3.91592
619.43978	3.9122
620.35414	3.90847
621.26851	3.90475
622.18287	3.90103
623.09724	3.89736
624.0116	3.89369
624.92597	3.89002
625.84034	3.88635
626.7547	3.883
627.66907	3.883
628.58343	3.883
629.4978	3.883
630.41216	3.883
631.32653	3.883
632.2409	3.883
633.15526	3.883
634.06963	3.883
634.98399	3.883
635.89836	3.883
636.81273	3.87986
637.72709	3.87635
638.64146	3.87284
639.55582	3.86933
640.47019	3.86582
641.38455	3.86231
642.29892	3.85881
643.21329	3.85531
644.12765	3.8518
645.04202	3.8483
645.95638	3.8463
646.87075	3.8463
647.78511	3.8463
648.69948	3.8463
649.61385	3.8463
650.52821	3.8463
651.44258	3.8463
652.35694	3.8463
653.27131	3.8463
654.18567	3.8463
655.10004	3.8463
656.01441	3.8443
656.92877	3.84099
657.84314	3.83769
658.7575	3.83438
659.67187	3.83108
660.58623	3.828
661.5006	3.828
662.41497	3.828
663.32933	3.828
664.2437	3.828
665.15806	3.828
666.07243	3.82657
666.98679	3.82337
667.90116	3.82016
668.81553	3.81696
669.72989	3.81375
670.64426	3.81055
671.55862	3.8097
672.47299	3.8097
673.38735	3.8097
674.30172	3.8097
675.21609	3.8097
676.13045	3.8097
677.04482	3.8097
677.95918	3.8097
678.87355	3.8097
679.78792	3.8097
680.70228	3.8097
681.61665	3.80946
682.53101	3.8064
683.44538	3.80334
684.35974	3.80029
685.27411	3.79723
686.18848	3.79417
687.10284	3.7914
688.01721	3.7914
688.93157	3.7914
689.84594	3.7914
690.7603	3.7914
691.67467	3.7914
692.58904	3.79138
693.5034	3.7884
694.41777	3.78543
695.33213	3.78245
696.2465	3.77948
697.16086	3.7765
698.07523	3.77353
698.9896	3.773
699.90396	3.773
700.81833	3.773
701.73269	3.773
702.64706	3.773
703.56142	3.773
704.47579	3.773
705.39016	3.773
706.30452	3.773
707.21889	3.773
708.13325	3.773
709.04762	3.773
709.96198	3.773
710.87635	3.773
711.79072	3.773
712.70508	3.773
713.61945	3.773
714.53381	3.773
715.44818	3.773
716.36255	3.77108
717.27691	3.76831
718.19128	3.76554
719.10564	3.76277
720.02001	3.76
720.93437	3.75723
721.84874	3.7547
722.76311	3.7547
723.67747	3.7547
724.59184	3.7547
725.5062	3.7547
726.42057	3.7547
727.33493	3.7547
728.2493	3.75372
729.16367	3.75104
730.07803	3.74836
730.9924	3.74568
731.90676	3.743
732.82113	3.74033
733.73549	3.73765
734.64986	3.7364
735.56423	3.7364
736.47859	3.7364
737.39296	3.7364
738.30732	3.7364
739.22169	3.7364
740.13605	3.7364
741.05042	3.7364
741.96479	3.7364
742.87915	3.7364
743.79352	3.7364
744.70788	3.7364
745.62225	3.7364
746.53661	3.7364
747.45098	3.7364
748.36535	3.7364
749.27971	3.7364
750.19408	3.7364
751.10844	3.7364
752.02281	3.7364
752.93717	3.7364
753.85154	3.7364
754.76591	3.7364
755.68027	3.7364
756.59464	3.7364
757.509	3.7364
758.42337	3.7364
759.33774	3.7364
760.2521	3.73632
761.16647	3.73387
762.08083	3.73141
762.9952	3.72896
763.90956	3.72651
764.82393	3.72405
765.7383	3.7216
766.65266	3.71914
767.56703	3.7181
768.48139	3.7181
769.39576	3.7181
770.31012	3.7181
771.22449	3.7181
772.13886	3.7181
773.05322	3.7181
773.96759	3.7181
774.88195	3.71576
775.79632	3.71338
776.71068	3.711
777.62505	3.70862
778.53942	3.70624
779.45378	3.70386
780.36815	3.70148
781.28251	3.6997
782.19688	3.6997
783.11124	3.6997
784.02561	3.6997
784.93998	3.6997
785.85434	3.6997
786.76871	3.6997
787.68307	3.6997
788.59744	3.6997
789.5118	3.6997
790.42617	3.6997
791.34054	3.6997
792.2549	3.6997
793.16927	3.6997
794.08363	3.6997
794.998	3.6997
795.91236	3.6997
796.82673	3.6997
797.7411	3.6997
798.65546	3.6997
799.56983	3.6997
800.48419	3.6997
801.39856	3.6997
802.31293	3.6997
803.22729	3.69917
804.14166	3.69697
805.05602	3.69477
805.97039	3.69257
806.88475	3.69037
807.79912	3.68817
808.71349	3.68598
809.62785	3.68378
810.54222	3.68158
811.45658	3.6814
812.37095	3.6814
813.28531	3.6814
814.19968	3.6814
815.11405	3.6814
816.02841	3.6814
816.94278	3.6814
817.85714	3.6814
818.77151	3.68048
819.68587	3.67836
820.60024	3.67625
821.51461	3.67413
822.42897	3.67202
823.34334	3.6699
824.2577	3.66778
825.17207	3.66567
826.08643	3.66355
827.0008	3.6631
827.91517	3.6631
828.82953	3.6631
829.7439	3.6631
830.65826	3.6631
831.57263	3.6631
832.48699	3.6631
833.40136	3.6631
834.31573	3.6631
835.23009	3.6631
836.14446	3.6631
837.05882	3.6631
837.97319	3.6631
838.88756	3.6631
839.80192	3.6631
840.71629	3.6631
841.63065	3.6631
842.54502	3.6631
843.45938	3.6631
844.37375	3.6631
845.28812	3.6631
846.20248	3.6631
847.11685	3.6631
848.03121	3.6631
848.94558	3.6631
849.85994	3.6631
850.77431	3.6631
851.68868	3.66139
852.60304	3.65943
853.51741	3.65747
854.43177	3.65552
855.34614	3.65356
856.2605	3.6516
857.17487	3.64965
858.08924	3.64769
859.0036	3.64573
859.91797	3.6448
860.83233	3.6448
861.7467	3.6448
862.66106	3.6448
863.57543	3.6448
864.4898	3.6448
865.40416	3.6448
866.31853	3.6448
867.23289	3.6448
868.14726	3.6448
869.06162	3.64295
869.97599	3.64106
870.89036	3.63917
871.80472	3.63728
872.71909	3.63539
873.63345	3.6335
874.54782	3.63161
875.46218	3.62972
876.37655	3.62783
877.29092	3.6264
878.20528	3.6264
879.11965	3.6264
880.03401	3.6264
880.94838	3.6264
881.86275	3.6264
882.77711	3.6264
883.69148	3.6264
884.60584	3.6264
885.52021	3.6264
886.43457	3.6264
887.34894	3.6264
888.26331	3.6264
889.17767	3.6264
890.09204	3.6264
891.0064	3.6264
891.92077	3.6264
892.83513	3.6264
893.7495	3.6264
894.66387	3.6264
895.57823	3.6264
896.4926	3.6264
897.40696	3.6264
898.32133	3.6264
899.23569	3.6264
900.15006	3.6264
901.06443	3.6264
901.97879	3.6264
902.89316	3.6264
903.80752	3.6264
904.72189	3.6264
905.63625	3.62641
906.55062	3.62642
907.46499	3.62643
908.37935	3.62644
909.29372	3.62645
910.20808	3.62646
911.12245	3.62646
912.03681	3.62647
912.95118	3.62648
913.86555	3.62649
914.77991	3.62602
915.69428	3.62432
916.60864	3.62262
917.52301	3.62091
918.43737	3.61921
919.35174	3.61751
920.26611	3.61581
921.18047	3.61411
922.09484	3.6124
923.0092	3.6107
923.92357	3.609
924.83794	3.6081
925.7523	3.6081
926.66667	3.6081
927.58103	3.6081
928.4954	3.6081
929.40976	3.6081
930.32413	3.6081
931.2385	3.6081
932.15286	3.6081
933.06723	3.6081
933.98159	3.6081
934.89596	3.6081
935.81032	3.6081
936.72469	3.6081
937.63906	3.6081
938.55342	3.6081
939.46779	3.6081
940.38215	3.6081
941.29652	3.6081
942.21088	3.6081
943.12525	3.6081
944.03962	3.6081
944.95398	3.6081
945.86835	3.6081
946.78271	3.6081
947.69708	3.6081
948.61144	3.6081
949.52581	3.6081
950.44018	3.6081
951.35454	3.6081
952.26891	3.6081
953.18327	3.6081
954.09764	3.6081
955.012	3.6081
955.92637	3.60706
956.84074	3.60551
957.7551	3.60396
958.66947	3.60241
959.58383	3.60086
960.4982	3.59931
961.41257	3.59776
962.32693	3.59621
963.2413	3.59466
964.15566	3.59311
965.07003	3.59156
965.98439	3.59001
966.89876	3.5898
967.81313	3.5898
968.72749	3.5898
969.64186	3.5898
970.55622	3.5898
971.47059	3.5898
972.38495	3.5898
973.29932	3.5898
974.21369	3.5898
975.12805	3.5898
976.04242	3.5898
976.95678	3.5898
977.87115	3.5898
978.78551	3.5898
979.69988	3.5898
980.61425	3.5898
981.52861	3.5898
982.44298	3.5898
983.35734	3.5898
984.27171	3.5898
985.18607	3.5898
986.10044	3.5898
987.01481	3.5898
987.92917	3.5898
988.84354	3.5898
989.7579	3.5898
990.67227	3.5898
991.58663	3.5898
992.501	3.5898
993.41537	3.5898
994.32973	3.5898
995.2441	3.5898
996.15846	3.5898
997.07283	3.5898
997.98719	3.5898
998.90156	3.5898
999.81593	3.5898
1000.73029	3.5898
1001.64466	3.5898
1002.55902	3.5898
1003.47339	3.5898
1004.38776	3.5898
1005.30212	3.5898
1006.21649	3.5898
1007.13085	3.5898
1008.04522	3.5898
1008.95958	3.5898
1009.87395	3.5898
1010.78832	3.5898
1011.70268	3.5898
1012.61705	3.58849
1013.53141	3.58711
1014.44578	3.58573
1015.36014	3.58435
1016.27451	3.58296
1017.18888	3.58158
1018.10324	3.5802
1019.01761	3.57882
1019.93197	3.57744
1020.84634	3.57606
1021.7607	3.57468
1022.67507	3.57329
1023.58944	3.57191
1024.5038	3.5715
1025.41817	3.5715
1026.33253	3.5715
1027.2469	3.5715
1028.16126	3.5715
1029.07563	3.5715
1029.99	3.5715
1030.90436	3.5715
1031.81873	3.5715
1032.73309	3.5715
1033.64746	3.5715
1034.56182	3.5715
1035.47619	3.5715
1036.39056	3.5715
1037.30492	3.5715
1038.21929	3.5715
1039.13365	3.5715
1040.04802	3.5715
1040.96238	3.5715
1041.87675	3.5715
1042.79112	3.5715
1043.70548	3.5715
1044.61985	3.5715
1045.53421	3.5715
1046.44858	3.5715
1047.36295	3.5715
1048.27731	3.5715
1049.19168	3.5715
1050.10604	3.5715
1051.02041	3.5715
1051.93477	3.5715
1052.84914	3.5715
1053.76351	3.5715
1054.67787	3.5715
1055.59224	3.5715
1056.5066	3.5715
1057.42097	3.5715
1058.33533	3.5715
1059.2497	3.5715
1060.16407	3.5715
1061.07843	3.5715
1061.9928	3.5715
1062.90716	3.57027
1063.82153	3.56901
1064.73589	3.56776
1065.65026	3.56651
1066.56463	3.56526
1067.47899	3.564
1068.39336	3.56275
1069.30772	3.5615
1070.22209	3.56024
1071.13645	3.55899
1072.05082	3.55774
1072.96519	3.55648
1073.87955	3.55523
1074.79392	3.55398
1075.70828	3.5532
1076.62265	3.5532
1077.53701	3.5532
1078.45138	3.5532
1079.36575	3.5532
1080.28011	3.5532
1081.19448	3.5532
1082.10884	3.5532
1083.02321	3.5532
1083.93758	3.5532
1084.85194	3.5532
1085.76631	3.5532
1086.68067	3.5532
1087.59504	3.5532
1088.5094	3.5532
1089.42377	3.5532
1090.33814	3.5532
1091.2525	3.5532
1092.16687	3.5532
1093.08123	3.5532
1093.9956	3.5532
1094.90996	3.5532
1095.82433	3.5532
1096.7387	3.5532
1097.65306	3.5532
1098.56743	3.5532
1099.48179	3.5532
1100.39616	3.5532
1101.31052	3.5532
1102.22489	3.5532
1103.13926	3.5532
1104.05362	3.5532
1104.96799	3.5532
1105.88235	3.5532
1106.79672	3.5532
1107.71108	3.5532
1108.62545	3.5532
1109.53982	3.5532
1110.45418	3.5532
1111.36855	3.5532
1112.28291	3.5532
1113.19728	3.5532
1114.11164	3.5532
1115.02601	3.5532
1115.94038	3.5532
1116.85474	3.5532
1117.76911	3.5532
1118.68347	3.5532
1119.59784	3.5532
1120.5122	3.5532
1121.42657	3.5532
1122.34094	3.5532
1123.2553	3.5532
1124.16967	3.5532
1125.08403	3.5532
1125.9984	3.5532
1126.91277	3.5532
1127.82713	3.5532
1128.7415	3.5532
1129.65586	3.5532
1130.57023	3.5532
1131.48459	3.5532
1132.39896	3.5532
1133.31333	3.5532
1134.22769	3.5532
1135.14206	3.5532
1136.05642	3.5532
1136.97079	3.5532
1137.88515	3.5532
1138.79952	3.5532
1139.71389	3.5532
1140.62825	3.5532
1141.54262	3.5532
1142.45698	3.5532
1143.37135	3.5532
1144.28571	3.5532
1145.20008	3.5532
1146.11445	3.5532
1147.02881	3.5532
1147.94318	3.55257
1148.85754	3.5515
1149.77191	3.55042
1150.68627	3.54935
1151.60064	3.54828
1152.51501	3.54721
1153.42937	3.54613
1154.34374	3.54506
1155.2581	3.54399
1156.17247	3.54292
1157.08683	3.54185
1158.0012	3.54077
1158.91557	3.5397
1159.82993	3.53863
1160.7443	3.53756
1161.65866	3.53648
1162.57303	3.53541
1163.48739	3.5349
1164.40176	3.5349
1165.31613	3.5349
1166.23049	3.5349
1167.14486	3.5349
1168.05922	3.5349
1168.97359	3.5349
1169.88796	3.5349
1170.80232	3.5349
1171.71669	3.5349
1172.63105	3.5349
1173.54542	3.5349
1174.45978	3.5349
1175.37415	3.5349
1176.28852	3.5349
1177.20288	3.5349
1178.11725	3.5349
1179.03161	3.5349
1179.94598	3.5349
1180.86034	3.5349
1181.77471	3.5349
1182.68908	3.5349
1183.60344	3.5349
1184.51781	3.5349
1185.43217	3.5349
1186.34654	3.5349
1187.2609	3.5349
1188.17527	3.5349
1189.08964	3.5349
1190.004	3.5349
1190.91837	3.5349
1191.83273	3.5349
1192.7471	3.5349
1193.66146	3.5349
1194.57583	3.5349
1195.4902	3.5349
1196.40456	3.5349
1197.31893	3.5349
1198.23329	3.5349
1199.14766	3.5349
1200.06202	3.5349
1200.97639	3.5349
1201.89076	3.5349
1202.80512	3.5349
1203.71949	3.5349
1204.63385	3.5349
1205.54822	3.5349
1206.46259	3.5349
1207.37695	3.5349
1208.29132	3.5349
1209.20568	3.5349
1210.12005	3.5349
1211.03441	3.5349
1211.94878	3.5349
1212.86315	3.53437
1213.77751	3.5334
1214.69188	3.53244
1215.60624	3.53147
1216.52061	3.53051
1217.43497	3.52954
1218.34934	3.52858
1219.26371	3.52761
1220.17807	3.52665
1221.09244	3.52568
1222.0068	3.52472
1222.92117	3.52375
1223.83553	3.52279
1224.7499	3.52182
1225.66427	3.52086
1226.57863	3.51989
1227.493	3.51893
1228.40736	3.51796
1229.32173	3.517
1230.23609	3.5165
1231.15046	3.5165
1232.06483	3.5165
1232.97919	3.5165
1233.89356	3.5165
1234.80792	3.5165
1235.72229	3.5165
1236.63665	3.5165
1237.55102	3.5165
1238.46539	3.5165
1239.37975	3.5165
1240.29412	3.5165
1241.20848	3.5165
1242.12285	3.5165
1243.03721	3.5165
1243.95158	3.5165
1244.86595	3.5165
1245.78031	3.5165
1246.69468	3.5165
1247.60904	3.5165
1248.52341	3.5165
1249.43778	3.5165
1250.35214	3.5165
1251.26651	3.5165
1252.18087	3.5165
1253.09524	3.5165
1254.0096	3.5165
1254.92397	3.5165
1255.83834	3.5165
1256.7527	3.5165
1257.66707	3.5165
1258.58143	3.5165
1259.4958	3.5165
1260.41016	3.5165
1261.32453	3.5165
1262.2389	3.5165
1263.15326	3.5165
1264.06763	3.5165
1264.98199	3.5165
1265.89636	3.5165
1266.81072	3.5165
1267.72509	3.5165
1268.63946	3.5165
1269.55382	3.5165
1270.46819	3.5165
1271.38255	3.5165
1272.29692	3.5165
1273.21128	3.5165
1274.12565	3.5165
1275.04002	3.5165
1275.95438	3.5165
1276.86875	3.5165
1277.78311	3.5165
1278.69748	3.5165
1279.61184	3.5165
1280.52621	3.5165
1281.44058	3.5165
1282.35494	3.5165
1283.26931	3.5165
1284.18367	3.5165
1285.09804	3.5165
1286.0124	3.5165
1286.92677	3.5165
1287.84114	3.5165
1288.7555	3.5165
1289.66987	3.5165
1290.58423	3.5165
1291.4986	3.5165
1292.41297	3.5165
1293.32733	3.5165
1294.2417	3.5165
1295.15606	3.5165
1296.07043	3.5165
1296.98479	3.5165
1297.89916	3.5165
1298.81353	3.5165
1299.72789	3.5165
1300.64226	3.5165
1301.55662	3.5165
1302.47099	3.5165
1303.38535	3.5165
1304.29972	3.5165
1305.21409	3.51608
1306.12845	3.51525
1307.04282	3.51443
1307.95718	3.5136
1308.87155	3.51277
1309.78591	3.51194
1310.70028	3.51111
1311.61465	3.51028
1312.52901	3.50945
1313.44338	3.50862
1314.35774	3.50779
1315.27211	3.50697
1316.18647	3.50614
1317.10084	3.50531
1318.01521	3.50448
1318.92957	3.50365
1319.84394	3.50282
1320.7583	3.50199
1321.67267	3.50116
1322.58703	3.50033
1323.5014	3.49951
1324.41577	3.49868
1325.33013	3.4982
1326.2445	3.4982
1327.15886	3.4982
1328.07323	3.4982
1328.9876	3.4982
1329.90196	3.4982
1330.81633	3.4982
1331.73069	3.4982
1332.64506	3.4982
1333.55942	3.4982
1334.47379	3.4982
1335.38816	3.4982
1336.30252	3.4982
1337.21689	3.4982
1338.13125	3.4982
1339.04562	3.4982
1339.95998	3.4982
1340.87435	3.4982
1341.78872	3.4982
1342.70308	3.4982
1343.61745	3.4982
1344.53181	3.4982
1345.44618	3.4982
1346.36054	3.4982
1347.27491	3.4982
1348.18928	3.4982
1349.10364	3.4982
1350.01801	3.4982
1350.93237	3.4982
1351.84674	3.4982
1352.7611	3.4982
1353.67547	3.4982
1354.58984	3.4982
1355.5042	3.4982
1356.41857	3.4982
1357.33293	3.4982
1358.2473	3.4982
1359.16166	3.4982
1360.07603	3.4982
1360.9904	3.4982
1361.90476	3.4982
1362.81913	3.4982
1363.73349	3.4982
1364.64786	3.4982
1365.56222	3.4982
1366.47659	3.4982
1367.39096	3.4982
1368.30532	3.4982
1369.21969	3.4982
1370.13405	3.4982
1371.04842	3.4982
1371.96279	3.4982
1372.87715	3.4982
1373.79152	3.4982
1374.70588	3.4982
1375.62025	3.4982
1376.53461	3.4982
1377.44898	3.4982
1378.36335	3.4982
1379.27771	3.4982
1380.19208	3.4982
1381.10644	3.4982
1382.02081	3.4982
1382.93517	3.4982
1383.84954	3.4982
1384.76391	3.4982
1385.67827	3.4982
1386.59264	3.4982
1387.507	3.4982
1388.42137	3.4982
1389.33573	3.4982
1390.2501	3.4982
1391.16447	3.4982
1392.07883	3.4982
1392.9932	3.4982
1393.90756	3.4982
1394.82193	3.4982
1395.73629	3.4982
1396.65066	3.4982
1397.56503	3.4982
1398.47939	3.4982
1399.39376	3.4982
1400.30812	3.4982
1401.22249	3.4982
1402.13685	3.4982
1403.05122	3.4982
1403.96559	3.4982
1404.87995	3.4982
1405.79432	3.4982
1406.70868	3.4982
1407.62305	3.4982
1408.53741	3.4982
1409.45178	3.4982
1410.36615	3.4982
1411.28051	3.4982
1412.19488	3.4982
1413.10924	3.49764
1414.02361	3.49693
1414.93798	3.49622
1415.85234	3.49552
1416.76671	3.49481
1417.68107	3.49411
1418.59544	3.4934
1419.5098	3.49269
1420.42417	3.49199
1421.33854	3.49128
1422.2529	3.49057
1423.16727	3.48987
1424.08163	3.48916
1424.996	3.48845
1425.91036	3.48775
1426.82473	3.48704
1427.7391	3.48633
1428.65346	3.48563
1429.56783	3.48492
1430.48219	3.48421
1431.39656	3.48351
1432.31092	3.4828
1433.22529	3.48209
1434.13966	3.48139
1435.05402	3.48068
1435.96839	3.47998
1436.88275	3.4799
1437.79712	3.4799
1438.71148	3.4799
1439.62585	3.4799
1440.54022	3.4799
1441.45458	3.4799
1442.36895	3.4799
1443.28331	3.4799
1444.19768	3.4799
1445.11204	3.4799
1446.02641	3.4799
1446.94078	3.4799
1447.85514	3.4799
1448.76951	3.4799
1449.68387	3.4799
1450.59824	3.4799
1451.51261	3.4799
1452.42697	3.4799
1453.34134	3.4799
1454.2557	3.4799
1455.17007	3.4799
1456.08443	3.4799
1456.9988	3.4799
1457.91317	3.4799
1458.82753	3.4799
1459.7419	3.4799
1460.65626	3.4799
1461.57063	3.4799
1462.48499	3.4799
1463.39936	3.4799
1464.31373	3.4799
1465.22809	3.4799
1466.14246	3.4799
1467.05682	3.4799
1467.97119	3.4799
1468.88555	3.4799
1469.79992	3.4799
1470.71429	3.4799
1471.62865	3.4799
1472.54302	3.4799
1473.45738	3.4799
1474.37175	3.4799
1475.28611	3.4799
1476.20048	3.4799
1477.11485	3.4799
1478.02921	3.4799
1478.94358	3.4799
1479.85794	3.4799
1480.77231	3.4799
1481.68667	3.4799
1482.60104	3.4799
1483.51541	3.4799
1484.42977	3.4799
1485.34414	3.4799
1486.2585	3.4799
1487.17287	3.4799
1488.08723	3.4799
1489.0016	3.4799
1489.91597	3.4799
1490.83033	3.4799
1491.7447	3.4799
1492.65906	3.4799
1493.57343	3.4799
1494.4878	3.4799
1495.40216	3.4799
1496.31653	3.4799
1497.23089	3.4799
1498.14526	3.4799
1499.05962	3.4799
1499.97399	3.4799
1500.88836	3.4799
1501.80272	3.4799
1502.71709	3.4799
1503.63145	3.4799
1504.54582	3.4799
1505.46018	3.4799
1506.37455	3.4799
1507.28892	3.4799
1508.20328	3.4799
1509.11765	3.4799
1510.03201	3.4799
1510.94638	3.4799
1511.86074	3.4799
1512.77511	3.4799
1513.68948	3.4799
1514.60384	3.4799
1515.51821	3.4799
1516.43257	3.4799
1517.34694	3.4799
1518.2613	3.4799
1519.17567	3.4799
1520.09004	3.4799
1521.0044	3.4799
1521.91877	3.4799
1522.83313	3.4799
1523.7475	3.4799
1524.66186	3.4799
1525.57623	3.4799
1526.4906	3.4799
1527.40496	3.4799
1528.31933	3.4799
1529.23369	3.4799
1530.14806	3.4799
1531.06242	3.4799
1531.97679	3.4799
1532.89116	3.4799
1533.80552	3.4799
1534.71989	3.4799
1535.63425	3.4799
1536.54862	3.4799
1537.46299	3.4799
1538.37735	3.4799
1539.29172	3.4799
1540.20608	3.4799
1541.12045	3.4799
1542.03481	3.4799
1542.94918	3.4799
1543.86355	3.4799
1544.77791	3.4799
1545.69228	3.4799
1546.60664	3.4799
1547.52101	3.4799
1548.43537	3.4799
1549.34974	3.4799
1550.26411	3.4799
1551.17847	3.4799
1552.09284	3.4799
1553.0072	3.4799
1553.92157	3.4799
1554.83593	3.4799
1555.7503	3.4799
1556.66467	3.4799
1557.57903	3.4799
1558.4934	3.4799
1559.40776	3.4799
1560.32213	3.4799
1561.23649	3.4799
1562.15086	3.4799
1563.06523	3.4799
1563.97959	3.4799
1564.89396	3.4799
1565.80832	3.4799
1566.72269	3.4799
1567.63705	3.4799
1568.55142	3.4799
1569.46579	3.4799
1570.38015	3.4799
1571.29452	3.4799
1572.20888	3.4799
1573.12325	3.4799
1574.03762	3.4799
1574.95198	3.4799
1575.86635	3.4799
1576.78071	3.4799
1577.69508	3.4799
1578.60944	3.4799
1579.52381	3.4799
1580.43818	3.4799
1581.35254	3.4799
1582.26691	3.4799
1583.18127	3.4799
1584.09564	3.4799
1585.01	3.4799
1585.92437	3.4799
1586.83874	3.4799
1587.7531	3.4799
1588.66747	3.4799
1589.58183	3.4799
1590.4962	3.4799
1591.41056	3.4799
1592.32493	3.4799
1593.2393	3.4799
1594.15366	3.4799
1595.06803	3.4799
1595.98239	3.4799
1596.89676	3.47982
1597.81112	3.47927
1598.72549	3.47872
1599.63986	3.47817
1600.55422	3.47761
1601.46859	3.47706
1602.38295	3.47651
1603.29732	3.47596
1604.21168	3.47541
1605.12605	3.47486
1606.04042	3.47431
1606.95478	3.47375
1607.86915	3.4732
1608.78351	3.47265
1609.69788	3.4721
1610.61224	3.47155
1611.52661	3.471
1612.44098	3.47044
1613.35534	3.46989
1614.26971	3.46934
1615.18407	3.46879
1616.09844	3.46824
1617.01281	3.46769
1617.92717	3.46714
1618.84154	3.46658
1619.7559	3.46603
1620.67027	3.46548
1621.58463	3.46493
1622.499	3.46438
1623.41337	3.46383
1624.32773	3.46327
1625.2421	3.46272
1626.15646	3.46217
1627.07083	3.46162
1627.98519	3.4616
1628.89956	3.4616
1629.81393	3.4616
1630.72829	3.4616
1631.64266	3.4616
1632.55702	3.4616
1633.47139	3.4616
1634.38575	3.4616
1635.30012	3.4616
1636.21449	3.4616
1637.12885	3.4616
1638.04322	3.4616
1638.95758	3.4616
1639.87195	3.4616
1640.78631	3.4616
1641.70068	3.4616
1642.61505	3.4616
1643.52941	3.4616
1644.44378	3.4616
1645.35814	3.4616
1646.27251	3.4616
1647.18687	3.4616
1648.10124	3.4616
1649.01561	3.4616
1649.92997	3.4616
1650.84434	3.4616
1651.7587	3.4616
1652.67307	3.4616
1653.58743	3.4616
1654.5018	3.4616
1655.41617	3.4616
1656.33053	3.4616
1657.2449	3.4616
1658.15926	3.4616
1659.07363	3.4616
1659.988	3.4616
1660.90236	3.4616
1661.81673	3.4616
1662.73109	3.4616
1663.64546	3.4616
1664.55982	3.4616
1665.47419	3.4616
1666.38856	3.4616
1667.30292	3.4616
1668.21729	3.4616
1669.13165	3.4616
1670.04602	3.4616
1670.96038	3.4616
1671.87475	3.4616
1672.78912	3.4616
1673.70348	3.4616
1674.61785	3.4616
1675.53221	3.4616
1676.44658	3.4616
1677.36094	3.4616
1678.27531	3.4616
1679.18968	3.4616
1680.10404	3.4616
1681.01841	3.4616
1681.93277	3.4616
1682.84714	3.4616
1683.7615	3.4616
1684.67587	3.4616
1685.59024	3.4616
1686.5046	3.4616
1687.41897	3.4616
1688.33333	3.4616
1689.2477	3.4616
1690.16206	3.4616
1691.07643	3.4616
1691.9908	3.4616
1692.90516	3.4616
1693.81953	3.4616
1694.73389	3.4616
1695.64826	3.4616
1696.56263	3.4616
1697.47699	3.4616
1698.39136	3.4616
1699.30572	3.4616
1700.22009	3.4616
1701.13445	3.4616
1702.04882	3.4616
1702.96319	3.4616
1703.87755	3.4616
1704.79192	3.4616
1705.70628	3.4616
1706.62065	3.4616
1707.53501	3.4616
1708.44938	3.4616
1709.36375	3.4616
1710.27811	3.4616
1711.19248	3.4616
1712.10684	3.4616
1713.02121	3.4616
1713.93557	3.4616
1714.84994	3.4616
1715.76431	3.4616
1716.67867	3.4616
1717.59304	3.4616
1718.5074	3.4616
1719.42177	3.4616
1720.33613	3.4616
1721.2505	3.4616
1722.16487	3.4616
1723.07923	3.4616
1723.9936	3.4616
1724.90796	3.4616
1725.82233	3.4616
1726.73669	3.4616
1727.65106	3.4616
1728.56543	3.4616
1729.47979	3.4616
1730.39416	3.4616
1731.30852	3.4616
1732.22289	3.4616
1733.13725	3.4616
1734.05162	3.4616
1734.96599	3.4616
1735.88035	3.4616
1736.79472	3.4616
1737.70908	3.4616
1738.62345	3.4616
1739.53782	3.4616
1740.45218	3.4616
1741.36655	3.4616
1742.28091	3.4616
1743.19528	3.4616
1744.10964	3.4616
1745.02401	3.4616
1745.93838	3.4616
1746.85274	3.4616
1747.76711	3.4616
1748.68147	3.4616
1749.59584	3.4616
1750.5102	3.4616
1751.42457	3.4616
1752.33894	3.4616
1753.2533	3.4616
1754.16767	3.4616
1755.08203	3.4616
1755.9964	3.4616
1756.91076	3.4616
1757.82513	3.4616
1758.7395	3.4616
1759.65386	3.4616
1760.56823	3.4616
1761.48259	3.4616
1762.39696	3.4616
1763.31132	3.4616
1764.22569	3.4616
1765.14006	3.4616
1766.05442	3.4616
1766.96879	3.4616
1767.88315	3.4616
1768.79752	3.4616
1769.71188	3.4616
1770.62625	3.4616
1771.54062	3.4616
1772.45498	3.4616
1773.36935	3.4616
1774.28371	3.4616
1775.19808	3.4616
1776.11244	3.4616
1777.02681	3.4616
1777.94118	3.4616
1778.85554	3.4616
1779.76991	3.4616
1780.68427	3.4616
1781.59864	3.4616
1782.51301	3.4616
1783.42737	3.4616
1784.34174	3.4616
1785.2561	3.4616
1786.17047	3.4616
1787.08483	3.4616
1787.9992	3.4616
1788.91357	3.4616
1789.82793	3.4616
1790.7423	3.4616
1791.65666	3.4616
1792.57103	3.4616
1793.48539	3.4616
1794.39976	3.4616
1795.31413	3.4616
1796.22849	3.4616
1797.14286	3.4616
1798.05722	3.4616
1798.97159	3.4616
1799.88595	3.4616
1800.80032	3.4616
1801.71469	3.4616
1802.62905	3.4616
1803.54342	3.4616
1804.45778	3.4616
1805.37215	3.4616
1806.28651	3.4616
1807.20088	3.4616
1808.11525	3.4616
1809.02961	3.4616
1809.94398	3.4616
1810.85834	3.4616
1811.77271	3.4616
1812.68707	3.4616
1813.60144	3.4616
1814.51581	3.4616
1815.43017	3.4616
1816.34454	3.4616
1817.2589	3.4616
1818.17327	3.4616
1819.08764	3.4616
1820.002	3.4616
1820.91637	3.4616
1821.83073	3.4616
1822.7451	3.4616
1823.65946	3.4616
1824.57383	3.4616
1825.4882	3.4616
1826.40256	3.4616
1827.31693	3.4616
1828.23129	3.4616
1829.14566	3.4616
1830.06002	3.4616
1830.97439	3.4616
1831.88876	3.4616
1832.80312	3.4616
1833.71749	3.4616
1834.63185	3.4616
1835.54622	3.4616
1836.46058	3.4616
1837.37495	3.4616
1838.28932	3.4616
1839.20368	3.4616
1840.11805	3.4616
1841.03241	3.4616
1841.94678	3.4616
1842.86114	3.4616
1843.77551	3.4616
1844.68988	3.4616
1845.60424	3.4616
1846.51861	3.4616
1847.43297	3.4616
1848.34734	3.4616
1849.2617	3.4616
1850.17607	3.4616
1851.09044	3.4616
1852.0048	3.4616
1852.91917	3.4616
1853.83353	3.4616
1854.7479	3.4616
1855.66226	3.4616
1856.57663	3.4616
1857.491	3.4616
1858.40536	3.4616
1859.31973	3.4616
1860.23409	3.4616
1861.14846	3.4616
1862.06283	3.4616
1862.97719	3.4616
1863.89156	3.4616
1864.80592	3.4616
1865.72029	3.4616
1866.63465	3.4616
1867.54902	3.4616
1868.46339	3.4616
1869.37775	3.4616
1870.29212	3.4616
1871.20648	3.4616
1872.12085	3.4616
1873.03521	3.4616
1873.94958	3.4616
1874.86395	3.4616
1875.77831	3.4616
1876.69268	3.4616
1877.60704	3.46125
1878.52141	3.46085
1879.43577	3.46045
1880.35014	3.46005
1881.26451	3.45966
1882.17887	3.45926
1883.09324	3.45886
1884.0076	3.45846
1884.92197	3.45806
1885.83633	3.45767
1886.7507	3.45727
1887.66507	3.45687
1888.57943	3.45647
1889.4938	3.45608
1890.40816	3.45568
1891.32253	3.45528
1892.23689	3.45488
1893.15126	3.45448
1894.06563	3.45409
1894.97999	3.45369
1895.89436	3.45329
1896.80872	3.45289
1897.72309	3.45249
1898.63745	3.4521
1899.55182	3.4517
1900.46619	3.4513
1901.38055	3.4509
1902.29492	3.4505
1903.20928	3.45011
1904.12365	3.44971
1905.03802	3.44931
1905.95238	3.44891
1906.86675	3.44852
1907.78111	3.44812
1908.69548	3.44772
1909.60984	3.44732
1910.52421	3.44692
1911.43858	3.44653
1912.35294	3.44613
1913.26731	3.44573
1914.18167	3.44533
1915.09604	3.44493
1916.0104	3.44454
1916.92477	3.44414
1917.83914	3.44374
1918.7535	3.44334
1919.66787	3.4433
1920.58223	3.4433
1921.4966	3.4433
1922.41096	3.4433
1923.32533	3.4433
1924.2397	3.4433
1925.15406	3.4433
1926.06843	3.4433
1926.98279	3.4433
1927.89716	3.4433
1928.81152	3.4433
1929.72589	3.4433
1930.64026	3.4433
1931.55462	3.4433
1932.46899	3.4433
1933.38335	3.4433
1934.29772	3.4433
1935.21208	3.4433
1936.12645	3.4433
1937.04082	3.4433
1937.95518	3.4433
1938.86955	3.4433
1939.78391	3.4433
1940.69828	3.4433
1941.61265	3.4433
1942.52701	3.4433
1943.44138	3.4433
1944.35574	3.4433
1945.27011	3.4433
1946.18447	3.4433
1947.09884	3.4433
1948.01321	3.4433
1948.92757	3.4433
1949.84194	3.4433
1950.7563	3.4433
1951.67067	3.4433
1952.58503	3.4433
1953.4994	3.4433
1954.41377	3.4433
1955.32813	3.4433
1956.2425	3.4433
1957.15686	3.4433
1958.07123	3.4433
1958.98559	3.4433
1959.89996	3.4433
1960.81433	3.4433
1961.72869	3.4433
1962.64306	3.4433
1963.55742	3.4433
1964.47179	3.4433
1965.38615	3.4433
1966.30052	3.4433
1967.21489	3.4433
1968.12925	3.4433
1969.04362	3.4433
1969.95798	3.4433
1970.87235	3.4433
1971.78671	3.4433
1972.70108	3.4433
1973.61545	3.4433
1974.52981	3.4433
1975.44418	3.4433
1976.35854	3.4433
1977.27291	3.4433
1978.18727	3.4433
1979.10164	3.4433
1980.01601	3.4433
1980.93037	3.4433
1981.84474	3.4433
1982.7591	3.4433
1983.67347	3.4433
1984.58784	3.4433
1985.5022	3.4433
1986.41657	3.4433
1987.33093	3.4433
1988.2453	3.4433
1989.15966	3.4433
1990.07403	3.4433
1990.9884	3.4433
1991.90276	3.4433
1992.81713	3.4433
1993.73149	3.4433
1994.64586	3.4433
1995.56022	3.4433
1996.47459	3.4433
1997.38896	3.4433
1998.30332	3.4433
1999.21769	3.4433
2000.13205	3.4433
2001.04642	3.4433
2001.96078	3.4433
2002.87515	3.4433
2003.78952	3.4433
2004.70388	3.4433
2005.61825	3.4433
2006.53261	3.4433
2007.44698	3.4433
2008.36134	3.4433
2009.27571	3.4433
2010.19008	3.4433
2011.10444	3.4433
2012.01881	3.4433
2012.93317	3.4433
2013.84754	3.4433
2014.7619	3.4433
2015.67627	3.4433
2016.59064	3.4433
2017.505	3.4433
2018.41937	3.4433
2019.33373	3.4433
2020.2481	3.4433
2021.16246	3.4433
2022.07683	3.4433
2022.9912	3.4433
2023.90556	3.4433
2024.81993	3.4433
2025.73429	3.4433
2026.64866	3.4433
2027.56303	3.4433
2028.47739	3.4433
2029.39176	3.4433
2030.30612	3.4433
2031.22049	3.4433
2032.13485	3.4433
2033.04922	3.4433
2033.96359	3.4433
2034.87795	3.4433
2035.79232	3.4433
2036.70668	3.4433
2037.62105	3.4433
2038.53541	3.4433
2039.44978	3.4433
2040.36415	3.4433
2041.27851	3.4433
2042.19288	3.4433
2043.10724	3.4433
2044.02161	3.4433
2044.93597	3.4433
2045.85034	3.4433
2046.76471	3.4433
2047.67907	3.4433
2048.59344	3.4433
2049.5078	3.4433
2050.42217	3.4433
2051.33653	3.4433
2052.2509	3.4433
2053.16527	3.4433
2054.07963	3.4433
2054.994	3.4433
2055.90836	3.4433
2056.82273	3.4433
2057.73709	3.4433
2058.65146	3.4433
2059.56583	3.4433
2060.48019	3.4433
2061.39456	3.4433
2062.30892	3.4433
2063.22329	3.4433
2064.13766	3.4433
2065.05202	3.4433
2065.96639	3.4433
2066.88075	3.4433
2067.79512	3.4433
2068.70948	3.4433
2069.62385	3.4433
2070.53822	3.4433
2071.45258	3.4433
2072.36695	3.4433
2073.28131	3.4433
2074.19568	3.4433
2075.11004	3.4433
2076.02441	3.4433
2076.93878	3.4433
2077.85314	3.4433
2078.76751	3.4433
2079.68187	3.4433
2080.59624	3.4433
2081.5106	3.4433
2082.42497	3.4433
2083.33934	3.4433
2084.2537	3.4433
2085.16807	3.4433
2086.08243	3.4433
2086.9968	3.4433
2087.91116	3.4433
2088.82553	3.4433
2089.7399	3.4433
2090.65426	3.4433
2091.56863	3.4433
2092.48299	3.4433
2093.39736	3.4433
2094.31172	3.4433
2095.22609	3.4433
2096.14046	3.4433
2097.05482	3.4433
2097.96919	3.4433
2098.88355	3.4433
2099.79792	3.4433
2100.71228	3.4433
2101.62665	3.4433
2102.54102	3.4433
2103.45538	3.4433
2104.36975	3.4433
2105.28411	3.4433
2106.19848	3.4433
2107.11285	3.4433
2108.02721	3.4433
2108.94158	3.4433
2109.85594	3.4433
2110.77031	3.4433
2111.68467	3.4433
2112.59904	3.4433
2113.51341	3.4433
2114.42777	3.4433
2115.34214	3.4433
2116.2565	3.4433
2117.17087	3.4433
2118.08523	3.4433
2118.9996	3.4433
2119.91397	3.4433
2120.82833	3.4433
2121.7427	3.4433
2122.65706	3.4433
2123.57143	3.4433
2124.48579	3.4433
2125.40016	3.4433
2126.31453	3.4433
2127.22889	3.4433
2128.14326	3.4433
2129.05762	3.4433
2129.97199	3.4433
2130.88635	3.4433
2131.80072	3.4433
2132.71509	3.4433
2133.62945	3.4433
2134.54382	3.4433
2135.45818	3.4433
2136.37255	3.4433
2137.28691	3.4433
2138.20128	3.4433
2139.11565	3.4433
2140.03001	3.4433
2140.94438	3.4433
2141.85874	3.4433
2142.77311	3.4433
2143.68747	3.4433
2144.60184	3.4433
2145.51621	3.4433
2146.43057	3.4433
2147.34494	3.4433
2148.2593	3.4433
2149.17367	3.4433
2150.08804	3.4433
2151.0024	3.4433
2151.91677	3.4433
2152.83113	3.4433
2153.7455	3.4433
2154.65986	3.4433
2155.57423	3.4433
2156.4886	3.4433
2157.40296	3.4433
2158.31733	3.4433
2159.23169	3.4433
2160.14606	3.4433
2161.06042	3.4433
2161.97479	3.4433
2162.88916	3.4433
2163.80352	3.4433
2164.71789	3.4433
2165.63225	3.4433
2166.54662	3.4433
2167.46098	3.4433
2168.37535	3.4433
2169.28972	3.4433
2170.20408	3.4433
2171.11845	3.4433
2172.03281	3.4433
2172.94718	3.4433
2173.86154	3.4433
2174.77591	3.4433
2175.69028	3.4433
2176.60464	3.4433
2177.51901	3.4433
2178.43337	3.4433
2179.34774	3.4433
2180.2621	3.4433
2181.17647	3.4433
2182.09084	3.4433
2183.0052	3.4433
2183.91957	3.4433
2184.83393	3.4433
2185.7483	3.4433
2186.66267	3.4433
2187.57703	3.4433
2188.4914	3.4433
2189.40576	3.4433
2190.32013	3.4433
2191.23449	3.4433
2192.14886	3.4433
2193.06323	3.4433
2193.97759	3.4433
2194.89196	3.4433
2195.80632	3.4433
2196.72069	3.4433
2197.63505	3.4433
2198.54942	3.4433
2199.46379	3.4433
2200.37815	3.4433
2201.29252	3.4433
2202.20688	3.4433
2203.12125	3.4433
2204.03561	3.4433
2204.94998	3.4433
2205.86435	3.4433
2206.77871	3.4433
2207.69308	3.4433
2208.60744	3.4433
2209.52181	3.4433
2210.43617	3.4433
2211.35054	3.4433
2212.26491	3.4433
2213.17927	3.4433
2214.09364	3.4433
2215.008	3.4433
2215.92237	3.4433
2216.83673	3.4433
2217.7511	3.4433
2218.66547	3.4433
2219.57983	3.4433
2220.4942	3.4433
2221.40856	3.4433
2222.32293	3.4433
2223.23729	3.4433
2224.15166	3.4433
2225.06603	3.4433
2225.98039	3.4433
2226.89476	3.4433
2227.80912	3.4433
2228.72349	3.4433
2229.63786	3.4433
2230.55222	3.4433
2231.46659	3.4433
2232.38095	3.4433
2233.29532	3.4433
2234.20968	3.4433
2235.12405	3.4433
2236.03842	3.4433
2236.95278	3.4433
2237.86715	3.4433
2238.78151	3.4433
2239.69588	3.4433
2240.61024	3.4433
2241.52461	3.4433
2242.43898	3.4433
2243.35334	3.4433
2244.26771	3.4433
2245.18207	3.4433
2246.09644	3.4433
2247.0108	3.4433
2247.92517	3.4433
2248.83954	3.4433
2249.7539	3.4433
2250.66827	3.4433
2251.58263	3.4433
2252.497	3.4433
2253.41136	3.4433
2254.32573	3.4433
2255.2401	3.4433
2256.15446	3.4433
2257.06883	3.4433
2257.98319	3.4433
2258.89756	3.4433
2259.81192	3.4433
2260.72629	3.4433
2261.64066	3.4433
2262.55502	3.4433
2263.46939	3.4433
2264.38375	3.4433
2265.29812	3.4433
2266.21248	3.4433
2267.12685	3.4433
2268.04122	3.4433
2268.95558	3.4433
2269.86995	3.4433
2270.78431	3.4433
2271.69868	3.4433
2272.61305	3.4433
2273.52741	3.4433
2274.44178	3.4433
2275.35614	3.4433
2276.27051	3.4433
2277.18487	3.4433
2278.09924	3.4433
2279.01361	3.4433
2279.92797	3.4433
2280.84234	3.4433
2281.7567	3.4433
2282.67107	3.4433
2283.58543	3.4433
2284.4998	3.4433
2285.41417	3.4433
2286.32853	3.4433
2287.2429	3.4433
2288.15726	3.4433
2289.07163	3.4433
2289.98599	3.4433
2290.90036	3.4433
2291.81473	3.4433
2292.72909	3.4433
2293.64346	3.4433
2294.55782	3.4433
2295.47219	3.4433
2296.38655	3.4433
2297.30092	3.4433
2298.21529	3.4433
2299.12965	3.4433
2300.04402	3.4433
2300.95838	3.4433
2301.87275	3.4433
2302.78711	3.4433
2303.70148	3.4433
2304.61585	3.4433
2305.53021	3.4433
2306.44458	3.4433
2307.35894	3.4433
2308.27331	3.4433
2309.18768	3.4433
2310.10204	3.4433
2311.01641	3.4433
2311.93077	3.4433
2312.84514	3.4433
2313.7595	3.4433
2314.67387	3.4433
2315.58824	3.4433
2316.5026	3.4433
2317.41697	3.4433
2318.33133	3.4433
2319.2457	3.4433
2320.16006	3.4433
2321.07443	3.4433
2321.9888	3.4433
2322.90316	3.4433
2323.81753	3.4433
2324.73189	3.4433
2325.64626	3.4433
2326.56062	3.4433
2327.47499	3.4433
2328.38936	3.4433
2329.30372	3.4433
2330.21809	3.4433
2331.13245	3.4433
2332.04682	3.4433
2332.96118	3.4433
2333.87555	3.4433
2334.78992	3.4433
2335.70428	3.4433
2336.61865	3.4433
2337.53301	3.4433
2338.44738	3.4433
2339.36174	3.4433
2340.27611	3.4433
2341.19048	3.4433
2342.10484	3.4433
2343.01921	3.4433
2343.93357	3.4433
2344.84794	3.4433
2345.7623	3.4433
2346.67667	3.4433
2347.59104	3.4433
2348.5054	3.4433
2349.41977	3.4433
2350.33413	3.4433
2351.2485	3.4433
2352.16287	3.4433
2353.07723	3.4433
2353.9916	3.4433
2354.90596	3.4433
2355.82033	3.4433
2356.73469	3.4433
2357.64906	3.4433
2358.56343	3.4433
2359.47779	3.4433
2360.39216	3.4433
2361.30652	3.4433
2362.22089	3.4433
2363.13525	3.4433
2364.04962	3.4433
2364.96399	3.4433
2365.87835	3.4433
2366.79272	3.4433
2367.70708	3.4433
2368.62145	3.4433
2369.53581	3.4433
2370.45018	3.4433
2371.36455	3.4433
2372.27891	3.4433
2373.19328	3.4433
2374.10764	3.4433
2375.02201	3.4433
2375.93637	3.4433
2376.85074	3.4433
2377.76511	3.4433
2378.67947	3.4433
2379.59384	3.4433
2380.5082	3.4433
2381.42257	3.4433
2382.33693	3.4433
2383.2513	3.4433
2384.16567	3.4433
2385.08003	3.4433
2385.9944	3.4433
2386.90876	3.4433
2387.82313	3.4433
2388.73749	3.4433
2389.65186	3.4433
2390.56623	3.4433
2391.48059	3.4433
2392.39496	3.4433
2393.30932	3.4433
2394.22369	3.4433
2395.13806	3.4433
2396.05242	3.4433
2396.96679	3.4433
2397.88115	3.4433
2398.79552	3.4433
2399.70988	3.4433
2400.62425	3.4433
2401.53862	3.4433
2402.45298	3.4433
2403.36735	3.4433
2404.28171	3.4433
2405.19608	3.4433
2406.11044	3.4433
2407.02481	3.4433
2407.93918	3.4433
2408.85354	3.4433
2409.76791	3.4433
2410.68227	3.4433
2411.59664	3.4433
2412.511	3.4433
2413.42537	3.4433
2414.33974	3.4433
2415.2541	3.4433
2416.16847	3.4433
2417.08283	3.4433
2417.9972	3.4433
2418.91156	3.4433
2419.82593	3.4433
2420.7403	3.4433
2421.65466	3.4433
2422.56903	3.4433
2423.48339	3.4433
2424.39776	3.4433
2425.31212	3.4433
2426.22649	3.4433
2427.14086	3.4433
2428.05522	3.4433
2428.96959	3.4433
2429.88395	3.4433
2430.79832	3.4433
2431.71269	3.4433
2432.62705	3.4433
2433.54142	3.4433
2434.45578	3.4433
2435.37015	3.4433
2436.28451	3.4433
2437.19888	3.4433
2438.11325	3.4433
2439.02761	3.4433
2439.94198	3.4433
2440.85634	3.4433
2441.77071	3.4433
2442.68507	3.4433
2443.59944	3.4433
2444.51381	3.4433
2445.42817	3.4433
2446.34254	3.4433
2447.2569	3.4433
2448.17127	3.4433
2449.08563	3.4433
2450	3.4433
